100
1.633178 5.396244 0.782380 4.458623 7.291106 -1.929841 -8.194317 0.634143 0.440107 -7.137839 7.175364 -1.855111 8.850984 0.174335 -8.392275 1.846521 1.225829 9.505148 -2.594339 2.714791 6.071610 9.599849 7.825449 -6.561041 -6.658302 5.361454 2.210313 -2.587131 -8.682308 0.443013 -4.042749 5.640756 -4.353236 -0.780426 -4.187841 9.452336 -4.579221 1.209709 1.326329 -3.897373 2.191502 -6.852000 7.158674 8.289750 1.358621 8.302666 -1.570417 7.386356 2.524136 9.501507 5.217385 1.562216 8.106093 -6.851875 -9.119947 8.464276 7.566539 5.285026 -8.172053 -8.899427 4.095498 6.110093 1.647618 3.921161 -1.532513 7.179343 -7.075090 -0.100858 1.546229 8.344382 0.656555 -4.766259 7.940825 3.775131 0.267940 -7.094898 -9.464542 -7.365676 -8.736864 -1.138309 -5.936383 9.192065 -0.762896 7.740751 -0.185879 -8.459608 4.380928 -2.926596 7.342631 -2.973801 6.093279 -1.468757 3.450108 7.564661 1.721174 1.417266 -4.822959 -3.229091 4.659710 6.672563
6.450986 7.510999 5.084495 -0.214937 -3.994803 9.451778 -5.016441 7.418574 -7.583770 7.389192 0.806794 1.519089 -8.926276 -2.547151 0.176150 2.932809 9.173109 7.002499 -5.990221 9.541992 -5.416367 -3.370969 -2.325889 3.268799 -0.886833 -6.778073 0.151295 0.691514 8.465870 7.219634 7.984421 -4.925998 -4.322437 -1.658054 -1.149734 9.164241 -8.976281 -5.831638 -1.460630 -5.000296 6.205191 9.635969 -4.292861 -3.619414 -9.452935 1.879683 -5.016187 3.886550 4.682838 -1.640365 2.986523 -3.601493 -8.937218 3.025838 -5.074378 5.114217 2.300318 -0.948211 7.111541 -0.879587 5.722720 -2.677317 6.777691 -0.716828 -9.346554 -0.958532 -4.450179 -7.857496 -7.445923 5.803860 5.981933 1.209511 5.033624 7.294744 2.311537 5.277474 2.140245 -4.780605 7.430211 -7.595271 -1.727662 -8.960466 -0.251179 -6.587998 0.234797 -9.283512 -7.297262 3.658632 3.142010 2.549561 -8.256939 -1.560645 9.498016 -6.519439 -4.329278 1.659567 -4.625209 -1.197564 -4.713116 -5.625234
-1.330495 -7.860986 0.049999 -4.791409 1.007356 9.680519 -1.596637 -9.168200 6.712714 -5.658833 -6.940204 6.491479 5.541886 6.382059 -9.338425 -9.704205 9.224827 8.753192 -8.897262 0.292747 3.320646 3.258714 9.261406 -3.088160 -1.406140 -0.236097 1.273948 -4.829609 3.197695 -2.712491 8.945998 6.270340 6.167545 -5.613510 9.169725 -4.065298 -3.216523 -8.609265 7.303235 -7.398015 7.702818 1.983573 6.059555 -3.843718 -1.956573 4.995675 -8.483760 3.810717 -8.988737 -3.799872 -4.718057 -8.821830 9.757798 2.836213 -2.361285 -6.529699 -6.449012 4.813037 -8.079194 0.078979 -7.826426 -4.673831 -0.246020 -6.108783 4.715094 -9.875859 -9.236234 -7.019960 0.784666 7.997607 7.144373 1.713028 -7.207320 -2.164307 -4.482729 -9.216151 7.716890 5.070547 5.973803 -0.850959 3.998838 -7.661146 -0.536413 -6.833420 -2.831107 1.945667 -9.559461 -3.299671 4.036734 -0.760012 -0.974798 0.180625 -0.421413 -6.992331 2.975931 2.810844 7.045420 -9.317016 -3.328989 8.985270
1.372199 7.015451 -6.488682 1.116961 1.912645 -8.954156 -8.562506 -3.600398 1.672581 -3.767764 5.700243 6.929275 1.662382 -6.722757 6.248879 -8.639233 -3.686194 4.308025 8.123343 7.557498 -5.746089 -7.903594 5.043265 -3.871666 1.454877 -1.453520 -2.443248 -9.753417 -2.220720 -7.292447 0.892206 1.015313 6.443548 5.140655 2.472287 -3.724470 -4.461506 -1.920334 5.202377 -5.851063 -2.800175 -1.661760 4.369022 5.113379 3.797422 -4.877450 9.780290 5.463300 3.257754 -2.312629 -1.573965 6.068234 -9.988272 -3.785927 -3.924846 8.058391 -1.263730 9.930900 8.275963 -7.388823 -9.423465 4.865757 -9.798181 3.869219 2.543455 9.887428 7.063031 1.960690 -6.934639 -6.642133 8.441949 -6.670858 4.792159 6.074516 3.292445 -5.933562 1.208034 -3.783182 7.567707 4.440602 -4.272404 -4.554930 0.379565 -5.638455 7.119985 -1.873058 -5.174513 2.992654 -8.847828 -9.455044 -6.871014 6.828633 6.473554 3.799035 0.256552 -6.323801 4.076634 0.217984 1.097248 0.634133
-0.075885 -2.695201 5.229166 2.543644 -2.150380 3.265198 7.939633 -4.882714 4.882054 -5.019482 4.736754 8.732188 -9.532126 -2.623702 -9.171750 0.175344 7.125446 -4.431559 -6.189631 9.093489 -1.390704 5.063964 3.480954 7.030710 8.699101 -3.945941 9.193668 -1.258300 -9.956601 -4.991761 7.360507 2.949767 6.253610 -9.182677 2.697692 2.340671 -0.169404 9.095759 -1.298658 -5.624965 -8.843693 -5.974347 -2.178892 -9.106978 -3.008535 7.132744 3.213000 -6.415326 -2.818468 1.111091 -1.326065 9.489204 -7.690237 8.693887 -1.438831 -0.768742 7.090449 -8.965936 -7.942680 -0.816303 -7.327696 8.982835 -8.533411 3.805150 -5.483379 1.765972 -7.462791 -7.554140 -3.311522 6.598003 3.485256 -9.584191 -6.730871 8.270533 -4.757226 -8.310088 -2.128024 6.702301 3.243540 -3.708287 -6.172215 -6.323647 2.735921 -9.779648 -4.192380 8.297837 4.372750 0.162297 -3.993036 8.863419 6.348330 1.350976 9.896976 6.197029 4.224410 -5.887975 -7.763279 -9.047620 -6.711955 -9.371827
-6.053397 5.373299 -4.333447 1.275399 -9.072773 7.314513 -3.504719 -6.348135 8.020708 -1.322048 7.262304 -4.297095 -7.249357 0.302442 -0.585470 5.923513 1.651525 -5.207787 -4.056079 -4.608211 9.413773 5.107300 3.830830 4.760985 -6.524534 -4.998557 -5.262466 3.227284 9.523351 6.971775 3.924741 8.140946 6.775749 0.179411 5.471287 4.181896 -1.382144 5.228855 -7.038387 7.698595 0.009431 6.927382 -7.885625 5.092987 5.069463 0.882931 5.787768 -1.062044 0.264845 -5.824317 -0.784168 3.072958 8.245935 5.987733 8.358932 7.475008 -6.910782 -8.994273 -5.127538 -6.247726 3.513724 2.339935 -3.936056 9.753785 8.873704 -3.177311 2.621605 -5.402284 -6.459786 -1.430661 5.621642 4.629300 3.621627 -2.241959 6.998520 3.738087 5.116371 6.552365 6.062303 0.259010 -6.991679 6.102080 8.687813 -6.071003 1.287834 7.702920 5.338305 8.262056 -3.045071 3.546537 1.997994 8.659129 -5.878234 -6.497588 -6.015581 -0.439111 -2.101053 -8.123409 -2.204003 -3.960699
-0.974297 -2.740236 -5.955937 6.370821 7.865591 -0.304404 0.488507 8.964439 -8.533253 -2.543595 4.097205 -5.677542 8.030720 -7.095074 3.005411 -8.931223 8.862210 -2.505060 0.495211 -1.460771 -3.404352 -6.448183 -8.335730 0.032017 1.369964 3.441271 2.538057 -2.947905 -3.867310 -0.440406 -4.346374 6.056692 -6.594394 5.470527 0.862175 7.973827 3.016694 9.838321 5.675971 2.452529 -0.964306 -7.851799 -7.312151 -5.759320 -9.306451 8.282086 4.474838 -7.929031 8.236549 -3.215133 -9.497349 0.712464 -2.597958 -1.709133 2.475078 6.429684 -7.807434 -5.683037 2.615281 -7.253243 -3.191512 2.873006 -2.196883 -7.902628 -8.853352 -2.615590 2.281207 -6.163914 -0.116115 0.556805 -4.003530 -6.685947 3.057824 -1.540614 -2.791360 -9.907565 -3.408480 7.406095 0.243931 -1.774373 0.165733 1.884438 -5.040443 7.784794 5.432267 -0.209390 9.158233 -1.797403 -2.072345 -5.054049 -1.050664 3.482080 2.154017 9.506689 -3.217720 9.251165 4.448734 5.807075 -9.212556 -5.943850
5.223199 6.029787 -7.375970 8.112907 3.952295 8.771434 -7.587333 5.952370 7.491607 -9.437436 -5.802126 1.604778 8.602092 -5.516199 -4.268453 8.277738 -5.001226 -5.434286 -6.181454 5.132719 4.481995 1.563544 1.912542 -3.215661 7.769055 -3.018044 -6.400659 2.881842 8.843846 9.538225 1.423468 -2.027243 7.880490 2.470077 0.245499 3.296673 -7.272502 5.371711 7.415600 -8.170144 -9.248018 -6.865352 -1.411637 6.075676 -7.531499 -2.316924 7.368011 -3.242810 8.115731 -9.279392 -8.210412 6.172018 -6.070134 3.668926 -4.050284 6.796272 -5.340163 -0.819829 8.139217 7.208075 -9.386011 -9.407311 -0.960005 -3.013469 -0.772244 1.635108 -2.688945 8.045986 4.631387 -9.814808 0.430823 -5.455538 -2.648656 -1.264808 5.000049 3.143130 7.368418 -8.523642 2.493743 -7.653793 7.923090 0.149267 0.296150 5.994407 -5.267411 -0.411803 -0.086677 -9.899405 4.207646 9.597122 7.668238 9.413787 -6.873474 8.407468 -4.547571 -0.352759 -8.840683 0.067119 5.978855 8.349034
-8.718146 -2.571859 6.301990 0.780096 8.292883 4.029708 -7.678069 -3.784110 -8.019381 1.421784 9.407379 -5.551234 -1.004990 4.805949 -5.276193 4.869106 -9.950121 -4.310149 1.083887 -6.159076 -1.639784 1.567188 1.838651 -9.902098 -9.254079 4.527944 5.869938 7.735585 -8.413538 8.795009 7.521005 3.790118 -3.500283 9.983880 6.098540 -5.550273 4.979232 4.385697 3.862507 8.264921 -1.028885 -1.956455 -6.813063 -0.468409 9.017566 7.245420 -5.552856 -6.353661 3.556869 5.913189 -2.514237 -6.630191 -6.717060 6.148295 3.943494 -6.418931 7.653102 4.893697 5.901162 6.494626 8.376867 2.594741 8.453899 3.589451 5.400333 3.044574 -5.444733 -2.394250 4.582040 9.450362 -9.603903 -7.625311 8.526240 8.488339 -7.848866 9.770678 -0.966700 7.453803 4.109199 -5.635917 -4.397557 2.043858 -0.267853 9.124667 -9.842166 -1.230203 -7.169217 -4.662450 -0.787941 7.202530 8.441053 -2.998042 -0.720421 2.020933 -2.295505 -2.775714 8.724274 -5.611169 6.490007 -9.050247
-3.369552 1.841748 -0.554174 2.273690 -6.124557 -4.438713 1.140837 -6.588998 -3.348956 5.276840 1.012445 7.149676 9.731223 -7.380244 -5.692068 9.111836 -6.004158 -3.438614 -3.665378 2.530073 3.944044 -8.555946 7.665111 4.065353 -1.720744 -6.276732 -1.732731 -2.191672 -4.127021 8.635416 -2.357067 -4.313291 4.684638 -6.106146 -7.497641 9.303338 6.059689 5.291744 -9.365440 -3.947862 -6.739604 4.492458 -1.655489 -8.459576 -8.591197 -8.290496 -3.614566 -2.421036 -5.085034 1.754882 -8.136224 6.180862 -4.354511 -8.888205 4.420723 -7.210403 -2.387916 -3.184116 3.180309 8.744879 5.290370 -9.281590 1.945050 -0.913652 -2.318487 7.744818 4.134385 -0.043076 -0.051981 -5.286988 -8.921688 4.485597 -9.046086 0.325586 -8.073221 4.163250 8.919335 -0.334233 2.941060 1.591495 -9.059875 6.245119 3.668691 9.186529 -5.200236 5.959707 8.416691 9.644935 1.771468 8.013828 3.865566 9.761282 4.388876 -9.522791 -6.632425 5.682869 -8.765588 -8.100909 6.565406 -4.122561
4.467647 -4.407908 -5.526846 4.605107 2.234963 -2.220699 -3.571270 1.866028 -8.478038 0.386883 6.117612 6.030809 2.950822 -0.414221 1.458541 -1.906625 -3.121104 7.677359 4.954071 3.288556 -2.854498 -0.088007 -9.034817 -7.041930 7.740476 5.561943 9.467551 0.503971 -7.132531 -4.139903 6.992109 9.879125 9.909470 -4.512780 -4.991218 0.480081 2.207360 6.853673 -6.004560 -1.197222 9.464882 -8.827881 -4.235369 -2.218772 5.000875 -5.457133 -1.729434 1.701483 9.539310 -3.686145 -2.170268 -9.275904 -4.402247 0.612834 0.734027 3.877362 -9.136170 5.417146 -5.422006 0.913568 -1.565482 1.942093 6.906488 7.524113 3.472398 3.141758 7.739692 4.700964 6.327985 -2.697150 9.191884 -3.916877 -3.414585 -3.889743 -8.717403 -0.330822 -3.265539 -6.512831 6.023529 2.099841 -4.969696 4.473758 7.493913 2.226061 2.503318 -0.996723 1.707804 1.026081 -3.467575 -1.155028 -1.807876 4.544418 6.027431 9.956529 -4.000861 -5.228567 1.523304 3.588081 -2.770759 -8.561520
-1.870652 9.536955 -3.637901 1.577465 -2.294593 -7.068886 5.815365 9.541061 -1.710380 -3.104953 9.812247 9.261360 -7.374836 6.704349 -3.291126 -8.925534 -3.417522 8.860129 0.798860 2.153451 7.225058 5.246724 3.839998 2.843213 -4.434935 5.696610 9.483360 9.893205 3.555841 -6.578907 4.493789 4.074234 9.352392 5.640191 -9.255101 9.364961 7.332280 -4.904607 3.913509 2.034443 -2.426301 -7.941609 5.381345 -6.787093 -2.169345 -4.644566 -6.105481 4.753824 -4.224104 9.578217 8.158145 4.227622 -9.333970 6.895412 -4.917814 -2.876744 -3.480124 6.194457 2.914604 -0.232224 9.175766 0.182916 -1.749077 -9.471441 -9.612062 0.313312 0.236111 -1.459559 -9.592327 6.384412 -6.829130 -4.634255 -2.327322 -5.287468 -2.423889 3.512459 6.927375 -1.247478 -5.699375 -2.291007 7.512495 -4.139027 5.441362 9.028653 -1.194641 -6.770920 -4.606620 2.541169 2.776952 2.265052 7.435123 -8.771071 6.550416 -9.403521 -4.149548 6.356825 -0.542690 0.417070 4.121574 -4.432191
3.415021 -2.792185 -0.670485 8.825845 -8.076750 -9.836303 -1.290727 -6.154425 9.581049 4.736092 -2.283214 -4.493638 5.913883 -3.152705 2.406577 -8.314433 0.701768 -4.928280 1.744928 7.989648 -2.150826 -3.272859 9.559908 0.187778 -0.180728 2.110594 -9.401609 6.643368 1.101837 7.162154 -8.246534 -1.406794 2.375189 2.681015 -6.127056 1.921414 6.740050 5.761007 7.314073 8.439382 -1.576164 7.243487 -2.381728 9.965520 -9.552314 4.196255 -1.563357 7.744446 7.770130 -6.086315 -0.861639 2.102996 3.377692 -3.215305 4.464749 1.939150 7.564502 -9.556268 7.257851 -9.541271 -3.444501 7.653413 -1.235481 7.578128 1.905699 -7.877147 -7.042751 -7.655150 -9.784964 4.200433 -5.524519 -0.428126 -3.429798 -7.300797 -4.940812 4.366425 -2.183888 1.019979 -1.597636 -4.587823 -0.511048 0.702961 -4.292423 -1.815162 -7.658147 2.316060 7.863602 7.601108 9.986738 -5.185158 9.146374 6.036655 -0.392084 7.357374 3.001561 7.953935 -2.436509 -2.738490 -4.462250 7.273629
8.679711 -7.609311 1.961288 0.724977 -3.723311 -3.963393 4.248670 -6.760981 -2.836806 -1.041314 -6.542290 -9.158052 7.803801 -9.921396 0.050753 6.095224 7.313916 -8.579568 -1.013083 4.909003 9.810087 -2.557530 -6.345658 -9.931752 5.834115 -0.482453 1.421964 7.479318 1.088479 2.428760 9.903915 2.136817 -9.233271 -3.533392 7.519460 1.268854 -9.578910 2.449376 -6.578135 -4.614449 -1.819074 -3.307105 -7.574494 0.623618 7.225303 -8.417416 -9.910749 4.376109 6.837751 -7.296952 -4.668574 8.472524 -7.155794 8.616722 -1.584704 8.531948 -2.880450 -5.940671 4.748106 2.648217 9.309397 -4.609464 2.691205 -0.654263 7.592116 8.956765 -3.713643 -8.111552 0.971657 -9.327200 7.642604 7.420266 0.363486 9.629045 -3.789711 0.042608 0.784834 4.296734 0.434592 5.429692 -2.816490 -8.921439 -0.766318 -8.701353 -9.418681 -3.935409 8.168153 8.719975 -7.782599 3.356998 -7.693960 0.004430 -8.163534 2.066211 2.152020 2.306447 -8.320218 6.227416 -8.469567 0.105134
1.584781 -2.129623 -2.990176 0.374305 -1.081846 0.836782 -2.778159 -3.252945 2.959426 4.205155 -5.298963 1.049996 6.493234 1.183468 5.220940 -9.331676 -6.114800 2.857779 8.467513 8.232585 -0.277561 9.796985 -5.441610 7.299537 -8.036523 8.319411 -0.355815 0.233769 -2.400216 -0.907438 -9.610458 9.598059 5.861114 -9.845656 7.069765 -8.397082 -5.939559 5.931791 -7.521698 -3.095794 -0.600186 5.496961 2.167374 9.884538 -6.251884 -1.275158 -8.472224 3.852644 1.248573 -0.441991 8.556719 -9.971564 -6.613818 4.385697 -8.304181 5.878053 -5.599112 3.497491 3.412293 2.988890 2.310985 3.250301 6.462580 -4.669482 1.025763 6.454361 0.070922 -3.758898 -1.352032 -6.814639 -4.104777 4.329097 6.308537 -8.736295 -9.047863 5.069585 -4.699790 -8.452797 -1.857093 -5.356586 6.797594 0.736916 -5.719868 -5.491500 2.211221 7.117589 -3.628207 -2.019977 -8.250800 -4.906465 -7.152249 5.923406 -5.815577 1.304259 -5.927788 -5.299204 -3.989521 -6.521607 8.153918 4.539491
-5.150294 -5.674548 -9.691294 3.095827 2.772698 3.222493 -0.889147 9.392570 2.328188 8.190855 -5.999188 3.410770 4.741008 -6.824053 -6.962594 6.097504 -2.208176 -1.911943 -1.364543 1.020048 0.510006 5.176546 -6.459730 4.649515 -0.769159 -6.192772 2.774090 1.491699 -4.842747 9.248327 -5.888316 4.009196 7.819726 7.342130 1.370671 8.112302 7.848047 -1.081260 5.032115 6.287007 7.479606 8.930441 -4.171899 4.415769 -9.746012 8.558776 8.721620 3.167234 -2.409234 -3.979169 -4.143941 0.621804 5.429636 2.388043 -8.009765 1.641094 7.026220 1.210735 5.388336 0.383489 0.401796 -5.194170 4.786569 -3.557138 0.249631 -1.330539 -7.503365 5.817320 8.748648 -9.935430 6.806676 6.354987 -0.750163 1.323189 8.740361 0.217893 -9.186449 0.336555 5.674562 0.524320 2.860442 -2.848990 6.538897 8.430096 3.731535 9.020302 8.283918 -0.890800 1.001975 0.597966 9.680497 -3.672302 2.880775 1.152523 -1.681815 7.654044 -1.112652 -5.638333 2.947830 -3.933920
-0.403782 -0.122920 4.174747 1.385353 9.895189 4.093304 9.194656 2.584426 9.623940 -9.423666 5.488787 0.920594 -9.092404 -8.718665 5.552963 8.514824 -5.450084 1.001964 1.426591 8.300069 -4.210946 1.010666 -1.993640 1.422609 -8.001061 -7.241791 9.946290 0.974482 9.219371 5.332061 0.982879 4.210854 2.460862 5.631319 0.155530 3.293761 2.407412 -9.070732 -5.737144 -4.079208 -3.404587 5.963765 1.884151 0.922818 8.573739 9.809544 4.520197 -5.535418 -3.529620 1.792467 -8.149217 4.430860 8.550266 -3.849644 -6.406316 -9.747031 -1.538033 -1.276285 1.751006 3.184967 4.416943 4.952923 0.844261 -9.423153 -8.195543 8.278729 -0.507114 -2.040653 3.543528 -4.854185 -6.640624 6.257304 -1.317951 -9.342362 6.039171 -5.631771 -9.530592 -8.735094 8.151418 -9.989937 -6.724308 -4.135035 5.238805 -8.064254 -6.202596 -1.425314 4.525214 7.934793 6.521202 3.259664 -7.450693 -4.321673 -8.121347 2.719822 -0.213134 6.171574 -5.656204 6.455964 1.841481 1.728136
1.461373 0.292575 2.709878 -3.827687 7.644985 -4.570039 -5.026220 -5.025830 -4.007756 -2.070180 4.546754 -6.285758 2.624328 -0.603106 -2.161194 5.915606 7.271632 -8.014381 9.312369 -7.666874 9.249756 -9.427049 -5.376748 3.736669 -5.905730 -7.409065 3.339721 -0.094577 -3.022308 5.262854 -6.600707 -4.637537 1.969566 -7.057539 -5.585167 3.475125 -2.448044 -6.815206 0.436272 -9.484882 -2.167432 8.443902 -8.999667 6.075502 -6.357679 9.412050 -6.310812 6.807349 -1.269578 -3.731277 -3.388445 -1.215012 2.000340 5.947494 0.216204 0.804321 2.668537 2.055732 -4.968908 -3.026479 8.859815 -8.205595 -6.874159 -0.952370 -7.902511 1.602356 5.608145 -7.140795 4.301374 -7.189511 0.499746 -2.076563 -6.398022 6.293379 6.507174 0.121418 6.161680 -3.514957 1.943970 9.039546 -8.028353 4.312526 -4.321377 -7.949844 -0.254904 4.702558 -4.665670 -3.900179 8.837803 9.426508 6.921729 -3.364058 -1.894443 0.902497 4.043328 -3.538665 3.365385 -6.274747 -7.087325 0.179480
-5.505852 4.742653 -1.822239 -7.648869 -8.502198 -4.993636 -4.183460 2.688178 4.667234 4.505912 -9.174360 4.461827 -3.303047 -6.894592 0.084772 2.872942 6.504524 4.652248 -9.476161 3.383879 4.679850 1.201193 9.955128 -8.400018 -9.446577 -3.309422 3.298035 -5.225225 5.357515 -1.707066 2.057666 -9.064445 -7.645405 3.503363 -6.274540 -0.211975 -5.896299 2.863566 -0.666616 -0.121242 6.160072 9.523935 -4.246294 9.098987 8.495914 7.394181 -8.132615 9.906316 4.863961 -5.638195 9.120483 2.989945 5.451528 1.080388 -7.080212 -0.769368 6.924755 -0.902350 -1.769073 5.779845 -3.386406 0.792561 -5.630244 1.675043 -1.698276 -3.569371 -9.927133 7.036293 -7.753245 2.915844 0.108866 -3.845716 -5.895308 1.162386 3.033592 3.698973 5.379182 8.151196 5.914236 3.497959 0.227066 1.196850 4.208855 5.373460 2.271196 8.744750 -7.017023 -7.554341 -8.526065 0.632377 5.461773 -6.346974 -9.464751 3.020007 -9.574998 -4.568691 8.751924 4.853599 -4.987952 -8.580863
1.549698 8.011588 -0.286584 -0.891971 3.585245 -1.300943 2.546805 -2.702792 -0.896980 -8.052469 7.784998 -6.280696 6.997214 -1.680088 -9.196177 -4.608291 1.797539 6.540932 -4.745032 -7.213468 -5.793908 8.083241 -0.673238 5.992678 8.228710 0.107046 -2.248958 -2.829098 -9.022986 8.486994 5.120055 -0.683912 -0.290725 1.292241 8.941117 -1.452263 -0.975920 0.598607 -2.800387 9.885634 -0.591209 3.397937 8.333574 0.753483 -5.573763 -9.279527 -9.978763 -9.074274 -6.596001 -4.255319 2.618264 5.568497 -9.774384 4.160004 6.202330 -0.650553 1.577573 -2.499474 1.661981 0.944651 8.939882 -4.617539 -8.475198 5.636441 -5.765931 -6.234194 6.851760 2.146630 -0.273687 -7.246969 -5.413236 -1.456112 -5.535856 1.771960 -7.729633 -9.769525 0.092054 6.327695 3.812290 0.346201 2.988464 -3.292412 3.995042 -7.684872 -4.890291 -7.132639 3.504077 4.177293 -4.346002 -8.961855 6.884739 7.458070 3.959797 -4.002619 7.354995 -4.345852 -1.209271 -6.445443 -9.657916 -2.329683
-1.630436 -2.021378 1.787491 -8.589544 -3.829358 6.867426 4.779313 -1.881834 6.996014 -1.160211 9.010583 -5.343156 4.633568 9.145330 8.589453 -3.634058 -1.259526 -3.417712 0.532658 1.060083 8.408476 -2.184103 -2.790630 -2.637982 4.549998 -4.441028 -1.653720 -6.640891 8.544036 -5.998834 8.367822 9.246464 4.976247 -6.844276 0.540596 8.068849 5.426033 1.967917 -3.657504 -6.826906 7.440025 3.424777 -1.064510 4.789070 5.640829 -5.731288 4.422338 3.704383 -6.361105 -5.848977 -3.539721 -6.575614 6.889013 3.426297 -6.992561 -9.448153 -3.786269 -2.570147 -2.833802 6.089760 3.068637 -9.877039 8.509886 -4.147635 0.925770 -0.184584 7.346105 5.553635 -4.667933 7.344008 -0.741298 -0.440818 4.469800 -0.175579 -6.744421 3.779635 9.307852 2.916347 -3.591586 -6.636113 9.581562 7.079431 3.954068 7.149779 -9.733256 4.712773 3.365976 -5.068681 4.806026 3.142072 8.696112 7.581193 3.281470 -4.550753 -6.636261 4.389179 -0.930044 5.482588 2.443276 8.339087
-6.502098 -2.592101 -5.998534 -7.367969 6.196712 8.507638 1.319757 9.850839 -2.206313 -7.555020 -7.287955 -6.091434 -6.098289 -3.242809 -2.347455 -4.086306 -2.107044 -4.964913 -3.107751 6.343116 -8.989753 -0.373286 6.055109 -6.192240 8.690544 6.546469 -4.139787 8.829416 -4.620756 0.142521 -6.751005 2.898755 0.625002 -7.125999 2.843633 -2.643488 2.709193 -6.628507 6.060895 0.341480 3.545428 -3.531767 3.277043 -9.683684 9.184842 -2.112640 2.896797 8.511518 0.633787 5.448023 -6.289517 7.942613 -1.846452 -5.933125 -0.708152 -1.701273 -8.834619 -5.932683 -3.512606 4.013740 7.180581 -6.714490 1.095437 -5.257842 1.736377 -7.260632 8.967626 4.146045 1.166781 -1.044604 3.985328 -9.537986 -5.317301 7.466119 -8.159310 -0.264944 1.254994 -6.882911 0.669000 -4.193880 -0.584662 8.549437 0.741609 -2.250525 9.815901 -5.281374 -8.771525 9.135593 -8.895807 5.876669 -1.871542 -4.910801 -6.345166 -3.082354 -1.653075 0.612398 0.754998 -6.445196 -8.483818 -8.282648
-4.004562 3.052352 0.503115 3.056302 9.903645 -6.113256 -3.496636 -9.631759 -4.868892 8.557895 -4.007584 -1.624380 -8.545975 -7.866647 0.765314 6.444709 -6.907589 -9.475683 -8.785366 6.364972 -2.369167 7.836259 -2.448330 -1.879881 8.382783 -9.524727 7.529411 3.454131 -2.325987 9.284365 8.884297 -9.194708 6.543520 -4.325712 -5.099127 5.988178 8.030206 -9.963925 6.076964 2.468452 -9.201423 8.436317 2.777300 5.621905 -5.835197 4.190880 -9.598555 5.911382 2.022811 -7.669549 3.696970 5.804029 7.372464 8.975924 9.139790 -2.147748 4.389279 -2.311257 -5.651671 -6.799798 -4.227328 -9.109810 -5.411780 5.105350 -6.319719 5.146672 -1.456844 5.349397 9.718236 6.013438 7.756115 6.661532 -2.155128 -6.138427 5.394244 -9.117488 1.829967 -6.209577 9.174140 -5.502131 -9.038228 -1.600216 -6.719727 -3.338633 -7.287194 -8.858719 -0.916120 1.817392 -9.558931 -4.839994 -9.989679 -8.216102 -9.767134 -4.390863 1.403767 8.646007 -3.587547 4.633809 -2.819471 -7.027891
-8.886564 -7.649450 -4.811835 4.060472 -3.242967 -2.340184 8.176184 -9.084634 -8.003716 -8.878155 -5.451307 9.082270 0.337837 5.369582 -4.300146 -1.337304 0.656636 9.392803 3.463387 9.520119 4.359067 2.583826 -7.336288 -1.464835 3.611829 1.523905 -0.619434 -6.368638 -9.822536 -8.116276 -9.755739 7.175943 -4.665404 -9.405023 6.540007 -9.737239 9.928266 3.346161 -7.117506 -1.335339 -2.693498 5.616237 7.097103 4.545032 6.774829 0.745157 6.406351 5.867616 6.915841 9.999788 -7.136977 9.183353 0.000668 -6.447192 5.809731 5.145312 -6.827662 0.263251 5.985029 7.863252 4.061766 3.699860 5.506777 6.772560 6.811181 -3.338587 0.116572 -0.420912 2.772276 -6.695414 2.410948 -5.256233 -0.736205 2.132352 -1.296227 -0.101462 4.748962 6.437667 -6.141637 0.515336 7.971482 7.231632 2.018523 -6.723369 -2.009738 -6.135237 -2.296723 9.954836 5.329721 -7.230595 7.260499 8.839620 4.279383 1.149194 9.308694 -2.784782 -2.430413 4.841815 -4.114203 2.118184
8.750207 2.902440 -7.566400 -7.732075 -4.650712 -5.147047 9.183419 -7.107457 9.290809 -5.189958 -4.266325 1.752812 5.589140 7.959073 0.305684 8.523894 8.115368 1.429642 8.163462 -3.618508 5.049958 5.783403 -5.922059 3.149794 -1.177432 -0.114427 -4.406973 6.011207 9.374648 -4.364146 6.352500 5.225186 0.647585 0.047844 0.168448 -4.250516 1.216555 3.079819 -1.406123 -9.698019 -9.979140 5.820674 7.725382 -5.099689 2.605639 -1.132305 7.035612 -6.179062 -3.010250 -4.681687 -5.012311 -4.126901 7.368528 5.030944 -4.356785 9.475308 7.930122 1.921760 5.061769 7.003632 0.798485 2.636305 -2.901594 -7.583001 -4.901309 -8.567694 -9.817323 -7.702785 -3.642131 -0.559349 -3.736752 -1.887455 6.421012 3.914853 -4.093819 9.658735 -0.248507 -6.095963 -0.896719 7.872333 1.864185 -2.563200 -7.676760 2.927944 1.544075 4.925554 -7.580915 7.902382 -2.703212 -6.889877 9.355271 -1.002092 -1.542711 2.513544 -5.804209 -2.468385 -0.157084 8.342485 -6.025820 -9.721682
-3.646248 3.288778 4.956205 -7.275064 -2.312446 6.547907 -9.813621 6.296078 -0.371972 -1.795889 2.007265 7.545788 -8.349165 1.968509 9.710136 9.741393 -6.275564 -2.520697 -2.295400 0.295548 6.195587 -6.873042 9.435876 -4.227260 -7.208876 6.758614 -1.346409 2.969482 9.021122 -6.056489 -9.541646 -0.944199 9.381022 -8.919997 0.282748 -8.617862 9.906320 5.617519 -3.019603 -6.785521 0.369356 -6.120193 -3.002232 -3.413724 -8.755733 7.879761 2.271237 6.066965 6.658896 -7.972070 -0.636630 -9.429927 5.696809 9.676445 9.176916 -9.904772 -1.534116 -6.162587 -2.860986 0.947673 7.661532 9.098114 -5.541134 -0.221594 4.436873 9.157156 -1.834996 2.911568 8.936749 -0.728036 2.070535 4.872910 8.438638 -4.373458 4.702809 -5.075017 -0.184550 -5.806890 -4.934930 4.013952 -8.431651 7.765493 0.288205 -8.421314 -2.770472 2.864422 -1.911577 -1.524360 2.938234 -0.024716 -3.833808 4.990908 5.999905 -9.045064 7.171488 -0.490004 -3.082233 -7.588427 7.724792 -0.175640
-6.395874 4.103683 -3.008173 -2.913133 -2.843595 -1.538107 -5.533670 -8.959926 1.956237 6.303941 3.340194 1.270086 1.493853 -9.982306 2.743376 2.235860 5.308662 3.558997 -1.051291 3.081650 -9.375102 8.298494 0.849668 -3.595501 -1.029043 6.694026 -7.314067 0.049000 1.573911 -9.831203 0.078827 -8.883542 -0.593265 4.177495 7.083845 -6.928664 5.494143 -8.598714 6.742171 -1.954355 -1.060245 -2.699340 -9.930009 7.985105 -2.985813 -4.231715 -3.525171 8.605418 7.248205 -9.229099 -0.406554 7.433898 5.995709 -0.420358 -1.499326 1.060497 5.779361 8.357571 0.744462 8.044001 -5.703981 2.223639 4.563520 4.850367 3.295186 -2.212044 -8.667985 -7.489727 -9.300721 3.122728 -1.421756 3.068731 3.933432 -2.831685 -2.318057 -6.475682 -4.604857 -4.195237 -7.288211 -0.826780 -8.280473 3.908936 -0.200427 8.983733 6.273734 7.277582 5.212585 5.942410 -7.718331 0.218685 3.060803 8.277300 -3.991681 7.292261 9.755440 8.342950 0.554225 7.792251 3.271439 2.812546
0.829527 6.612462 -2.204135 0.076134 7.771973 -8.479808 3.444097 -9.592167 -9.609830 4.128906 4.928560 6.117724 9.162641 7.483190 2.957108 -7.194092 -7.680100 -9.519537 5.517480 -2.656443 8.870064 -8.013532 -0.239962 1.914158 -8.006097 2.429562 -6.915568 5.611456 8.704391 7.478279 4.130163 -0.204531 1.812293 9.904830 6.188987 3.460763 3.489608 -8.778156 0.310331 5.542796 -0.197935 1.831823 3.241675 -7.915045 4.324720 2.416624 -0.922386 -5.041723 -4.272954 2.452568 -0.267016 9.748967 7.680484 9.897885 -1.435252 9.362170 1.217296 -8.433160 -6.988147 5.584631 3.924778 6.975099 0.056573 1.293104 -8.552921 -5.318270 -0.221554 8.466478 5.726772 -6.454813 -5.017677 -1.166374 0.299663 -8.332070 0.577973 -1.030925 -2.732921 -1.281662 2.163072 -8.225222 4.265790 3.084659 0.236583 0.965022 7.881521 5.135740 -6.449622 -6.725505 8.189369 8.711616 7.372031 1.038862 4.900727 1.960343 -3.189268 1.996591 9.007289 6.104441 7.742968 -0.565924
2.504487 8.365464 -6.878755 -8.260019 1.548755 1.008869 -5.774836 7.087903 5.317416 4.649560 -9.780745 -6.943666 4.760851 -8.767355 -7.456668 0.500136 -1.279029 -3.640142 -6.562141 -9.363194 -2.375653 -4.464957 5.265556 7.045212 -5.525585 9.754232 7.679028 -5.768557 -6.815936 1.464971 7.098838 -0.327099 1.643194 -8.557315 5.405960 1.016113 4.394896 -2.782931 5.374762 -4.064369 5.594130 -7.762500 8.700584 6.515688 6.651120 4.447961 2.864586 8.290831 9.663734 -8.077287 9.813126 6.526017 6.146829 0.465083 8.936308 2.380845 8.161501 3.035307 0.359382 9.299199 -7.685247 -5.503604 0.561564 -9.224328 -4.990543 4.204965 0.301734 -7.808814 -3.702107 -5.884615 -2.406165 6.337252 0.148145 7.749188 -7.083218 -8.605107 -4.256970 -6.632439 -3.612940 -5.792336 1.743288 -6.361503 -7.742626 -1.652497 7.173904 -9.085399 7.769120 -8.849405 3.747667 3.239970 -6.150751 5.421548 2.379242 -4.322078 -2.773894 -5.272538 1.751172 -7.182311 0.061380 2.949156
8.202400 2.059621 -4.612730 0.579233 5.189583 -8.612568 2.989681 -2.043072 8.249856 3.906946 0.782746 0.955691 8.147257 6.156149 -1.070665 8.172449 3.115954 7.232132 5.104240 9.778210 1.926349 9.696157 1.158577 -0.822197 -4.892720 4.307157 3.458839 -1.514870 -8.554689 -5.546328 3.312142 1.946092 -2.556124 1.433362 1.270975 -2.788303 -4.253239 -6.270876 -1.941047 3.357871 3.008857 0.471489 7.613656 -3.441089 6.608863 8.671851 -5.242206 4.690976 -1.801779 1.349640 -9.151851 -2.731114 8.446893 -4.818559 -4.361201 0.674397 1.557437 -8.104371 -9.866913 4.270704 9.510895 5.590830 -5.750399 -4.060382 -1.863109 -0.910510 9.309655 -1.865527 1.985819 9.722709 1.795221 9.729556 -4.988568 -3.088933 6.123652 -3.305465 1.151343 -1.239614 8.941859 -2.316488 -7.502857 8.265141 3.543454 -5.018232 2.112562 -6.830951 -4.099271 8.786122 6.275894 -1.679091 7.742771 -0.093279 8.928809 -4.662922 2.397152 -5.810179 -0.869820 9.996361 -3.483154 -7.332275
-2.005154 1.424226 -7.263825 6.152068 3.671116 7.363554 -4.076635 -8.870916 7.177387 -1.617330 -7.425532 -0.537625 -5.498178 -8.482984 8.946563 -9.395529 6.055255 3.095033 -7.355502 7.841177 -2.654425 -2.618627 -4.827213 4.974663 -1.250497 9.273142 -5.278643 7.361919 -9.855787 0.053118 4.779128 -9.969695 5.730043 -5.426616 3.193016 5.249716 -3.608668 -4.695172 4.410435 4.778546 4.344996 -8.313906 4.509032 -2.093174 1.547811 -1.152016 0.641045 3.800101 6.554210 3.986193 -3.932958 8.239061 6.235586 0.137889 -2.832065 7.170989 -5.877262 -0.898387 -2.203806 -9.723725 -8.286637 8.879587 4.032649 -3.124508 1.972736 -8.036923 2.170973 2.186295 -4.926781 -4.752450 5.980394 -7.952800 -7.577622 6.364596 2.890872 -6.198845 -6.623364 -4.881393 -1.887845 3.569924 -1.994911 -9.380696 4.262436 -6.673916 5.461008 6.509938 6.120086 -4.570417 9.080868 4.806542 -9.561676 -3.486872 -9.221195 7.701260 6.919678 -8.052697 9.564741 -3.103289 7.669699 6.125371
1.970286 9.073320 -8.749964 -4.769998 -1.260075 -3.772587 -6.739048 3.392575 -7.374217 3.026698 -3.275028 5.147072 -2.993241 3.851725 -5.408323 -5.201009 -1.587579 5.210092 -7.061907 0.542535 -8.891491 -6.375814 1.393935 1.517050 -1.890519 -0.620326 -0.248602 -5.821588 -8.060597 3.256777 7.773888 5.552714 -7.140344 -6.042184 8.150629 -0.294570 -6.919112 -0.078190 1.355349 5.097852 -4.227575 0.321431 5.024152 -7.323198 7.453768 -5.883806 -5.840043 -6.445381 -3.750503 -1.984479 -7.602359 -4.441951 -0.192986 -8.844533 -1.854231 -5.568008 -5.417867 -2.004035 -1.173739 -1.632304 4.709321 -8.425349 1.799675 -8.616487 -8.595809 -3.237584 -5.216059 -7.069214 3.091263 -6.502810 3.351837 6.269485 -4.868365 8.628426 8.156573 -0.086998 1.463376 -9.264647 0.814164 -4.934871 9.172817 5.970412 7.004806 -9.088051 9.556810 2.784751 6.946795 -5.823346 8.098533 -4.671381 1.020655 2.549341 8.190085 8.710190 6.374537 6.586799 -1.830385 6.264508 2.824667 -5.439332
7.997498 -5.677185 2.115680 -8.783152 2.634522 -0.625361 0.319124 2.871928 -4.741955 -8.510248 8.505203 -4.231847 -8.835140 -8.911413 8.899868 -2.525204 6.816038 3.398717 9.988616 2.381735 7.286980 -1.138724 -6.927661 5.160658 -3.063811 1.672720 -4.491030 -4.292263 -1.829607 -0.554815 -9.410719 -4.928210 -7.819444 1.333651 -5.569252 7.459366 1.403911 -1.226480 -4.348279 -2.446940 -8.971590 -9.846070 5.807927 0.084813 -4.677031 -7.308538 7.042756 9.365799 -0.117816 -8.271419 2.556265 5.982487 6.815548 -6.870213 9.911058 6.780930 5.871195 9.331645 3.823924 8.150541 6.589289 -5.795971 9.114136 -0.243797 3.070766 -6.719535 1.051405 8.410546 -9.208819 -1.429609 4.988093 3.171155 -0.420575 8.873348 -4.784461 -1.573227 6.344712 -7.510172 0.156284 3.308175 -7.367110 3.413246 9.829260 5.230192 -1.329284 -4.426135 -6.983905 7.012596 -8.177958 -6.814297 3.028219 -4.856743 9.703933 2.186819 3.932480 8.480764 5.701683 -2.114905 1.638397 3.372037
-2.613068 -3.477079 -9.619260 9.251207 7.412622 4.507012 -5.583980 -4.993234 4.357662 8.086490 -3.079697 -6.846162 5.754009 1.500701 4.230136 -2.426067 5.727015 3.087010 -0.137492 -9.732913 -8.218179 7.286483 9.369848 -2.868108 8.624191 -6.474240 -9.146291 3.516913 -7.667361 9.619712 5.513005 6.248011 -3.983522 -3.676061 9.072098 9.937149 -7.170958 4.956877 -0.231065 -8.014646 1.238047 6.532299 -1.936712 1.101730 -3.759295 -5.845811 -1.104235 -7.814359 -1.734655 -5.129984 -3.119724 4.511917 -4.767484 3.885540 -4.143531 -0.854588 1.152298 1.150107 -9.125744 4.076256 -5.414778 -7.794149 8.562102 -2.886523 -1.318529 -1.527150 9.410738 -4.338603 -9.437219 -1.452441 2.061065 5.668489 -3.315573 -4.927492 -9.935210 -2.220805 1.313247 -5.600892 7.308448 -2.228333 -7.966332 -0.567669 -3.219689 -1.494350 3.741490 -9.254842 -5.344753 -6.559965 -4.994937 -9.226963 -4.014480 -6.376107 -9.691199 -4.456781 -9.302336 7.189261 2.984593 -1.608718 8.818427 -7.796821
4.544639 3.798404 -6.876742 -0.865619 9.248739 -0.318181 -8.960809 9.255882 9.373839 6.830424 1.398331 4.786199 -2.032326 9.169679 -5.191466 -3.372465 -7.518185 4.878431 1.043740 -5.116062 -4.890772 3.378780 -3.777769 -6.776851 9.238172 -2.080282 8.013293 7.005638 -3.924718 -1.822949 -6.170128 7.964936 -0.974305 6.391725 -2.984331 0.629867 4.542141 2.701715 8.476336 3.959815 9.087765 9.649619 -8.713824 -4.410409 6.259660 -0.175980 0.698872 4.480550 -5.445553 7.185184 -0.106970 6.728930 4.043776 6.672271 -8.628074 -6.398713 2.673440 -0.268200 -6.054061 -9.431865 -6.825098 1.943143 -7.283246 7.287113 -3.870496 3.808481 -9.199940 0.271307 -1.158683 -9.916633 -7.489987 5.573630 -5.967728 7.628117 -1.999075 0.701286 -9.210500 -7.244223 -1.228957 7.252593 9.423524 -3.639277 -2.909753 -9.284306 5.607871 6.095697 -0.927366 -6.875443 4.639623 5.459165 -3.974232 3.249499 -8.165286 0.085356 -0.833161 7.927612 1.452833 4.457348 4.095341 4.624186
-6.593585 -9.092610 -8.053535 0.252694 5.794427 3.737868 3.451287 8.302462 3.260096 7.123019 -2.616045 8.990489 1.779752 -7.304394 -3.265322 6.288388 -3.776182 4.230419 -5.079854 -0.617098 6.036313 9.915353 -4.695189 2.538888 7.930058 -6.046976 5.473928 6.057985 8.725335 -5.956281 -6.166034 0.040954 0.665438 -8.244148 -6.589114 -1.894688 -8.959808 -9.858236 -4.294218 -1.200840 2.208610 3.485710 9.596147 5.766560 6.231721 -4.859802 5.666868 -3.327219 6.050712 9.169757 -3.601601 -6.577408 7.126427 -0.411535 7.317359 5.547375 -6.946334 0.697400 -0.315066 -1.443571 -8.057585 -9.889462 -1.204321 2.600638 8.780596 -8.966134 -6.916391 8.472894 7.154890 -9.047380 -8.993276 -4.143562 6.719184 -6.645994 9.731720 -6.069833 0.130571 5.072454 -0.882649 -2.538254 -1.876248 -8.237640 8.403123 -8.625892 5.720957 3.817443 -9.830210 0.562544 4.010566 8.595333 7.787890 -9.161253 6.345054 4.164705 -3.973640 4.255277 -0.252776 3.637347 0.087189 4.368468
9.707235 -0.218666 1.428724 0.790672 -4.349990 -1.780811 -3.603220 9.963856 4.186596 7.598403 4.110245 -2.201308 4.311202 -9.003238 4.316626 6.032642 -8.595313 1.951998 3.774330 1.894055 -3.310080 -0.918550 -8.710762 0.952948 5.009562 -2.722651 3.471866 -9.348499 -0.620629 -5.057456 2.232470 6.989512 5.720555 -7.880964 0.316220 9.755327 -5.013608 -8.065752 -1.775361 4.817500 0.325887 -0.760022 0.108272 8.448094 1.730721 1.722009 -5.659316 -6.444508 -3.924126 5.217686 -5.370645 -8.447437 3.322796 -1.759783 -3.168270 5.526609 2.843006 -6.511353 -1.297180 9.390967 -4.612443 -3.681060 4.732578 7.392158 -8.787619 3.430867 -9.186249 -6.425674 1.979762 6.649577 -7.394508 -4.935720 -2.898358 4.412318 8.457403 1.696321 0.751512 7.483345 4.094905 9.427759 3.380574 6.666513 -1.614709 -7.508100 1.636483 9.011138 4.258397 -6.610529 -6.990963 -4.978136 -7.295291 3.987946 -8.334163 8.630290 -6.501188 6.987522 -3.245756 0.249799 4.142924 -3.948335
-9.697255 6.916626 8.185209 4.415051 -4.930074 6.889457 -6.864062 3.959467 8.369096 7.713236 0.456749 -9.138260 6.262488 7.495134 7.839801 -0.467212 -2.626653 2.307134 -7.124029 1.948516 0.667555 -4.448647 3.703633 8.342863 8.069693 -9.298118 -3.327631 -5.243355 -0.886111 -4.328159 -8.668667 1.178096 -7.957711 -0.753217 -7.615420 -8.396380 -0.779416 -1.893725 4.746033 -2.159598 -8.958986 2.609927 1.363045 4.952933 5.028627 -3.446921 6.072196 8.801204 -8.996946 -0.485438 -7.361012 0.818825 -3.057128 -4.664599 -9.701011 -9.614585 3.528590 -4.979922 6.415642 -4.310391 -8.058955 7.278274 1.176447 -4.084636 -9.247555 -3.835250 0.449065 8.847294 -6.522860 -1.805099 -4.663682 -7.514725 8.528535 -7.958384 -5.285951 8.923291 -6.007222 7.237385 2.263468 -1.009775 9.264148 1.235492 -6.577588 -1.237109 -9.864833 -1.311395 -6.029740 -6.690832 -0.740541 0.108892 6.027109 0.526515 8.655170 5.160658 4.979275 2.738633 5.735564 6.032095 -3.683670 0.226870
-5.172794 3.808755 5.031200 1.461061 -6.543202 3.016456 -2.509649 4.231684 2.768744 0.192883 -3.648621 -5.025908 0.657444 1.566508 -0.827845 -2.232063 8.097153 -3.849660 6.682414 9.979149 5.934235 8.173563 4.880186 4.822019 -4.123864 -0.879070 5.451208 6.260401 5.301255 5.797300 7.355638 -1.486095 5.679896 6.833565 -2.742786 -4.759258 7.380258 6.272623 -3.804136 -2.768424 4.773144 -3.520056 -2.548909 4.228511 1.541420 6.889405 -8.697706 -5.257120 3.081553 8.897130 -6.791110 -2.803341 -0.443163 8.095750 9.518045 -5.468573 8.245803 -4.609722 -6.836581 -3.600175 -3.549512 -0.372011 -2.452517 8.813366 -9.970953 3.765750 -0.803310 1.951083 5.182939 6.351367 3.096553 2.731264 -1.933205 6.551405 4.814934 0.400342 -6.065197 -3.300628 -5.725549 3.903584 5.153048 2.372006 -6.818816 -0.662110 -9.181999 5.519884 -5.839878 -3.502661 -0.478383 0.040660 -6.094128 7.743366 -9.979811 1.313013 -3.238738 0.820449 0.247380 -6.697258 0.031580 -8.490010
-5.537411 8.480521 7.631075 6.482505 9.919906 5.532861 -1.145150 -5.798391 -2.751777 -5.882817 -9.149134 -7.606410 7.872787 -3.854767 8.178695 -8.893981 -6.439661 6.092335 -9.146510 7.789899 2.889405 -7.318167 -5.918789 3.646923 -8.005939 -3.212186 4.303331 -7.370915 -9.209460 -8.877130 -6.055660 6.480804 -7.562782 -2.014759 -7.574981 -0.924954 7.997476 -7.627831 2.291351 -4.420525 -5.683785 1.112711 -6.314533 -7.577208 0.201598 2.760887 -5.071419 8.611845 4.902975 -1.825293 -5.470480 -6.180543 -4.780189 8.820473 7.664634 2.822935 4.833480 -1.125099 -1.934329 -5.109943 -9.400408 4.899222 3.525052 -6.787982 -3.889094 1.039166 -5.155509 0.187289 3.033904 8.812051 -1.049625 -1.847899 -8.555538 4.261734 -5.319059 -3.143723 6.547234 7.598682 -6.374818 0.217278 -5.403832 8.304190 5.987029 4.391871 5.856083 5.786857 7.419826 -0.466109 -5.747548 -2.251033 6.498218 0.370699 7.225483 4.572171 -9.323718 -3.127735 -6.232690 6.892230 -9.190715 1.814757
-2.270554 8.878281 5.159842 2.407101 -6.759957 0.747100 6.291768 -5.828888 -6.533601 -7.477775 -7.682580 6.183998 -7.203359 -4.415605 7.403177 -9.996994 -2.881327 9.775772 6.503273 0.845001 5.921203 -4.262879 -4.928934 -9.212077 0.015279 8.473255 -9.912680 8.601969 -6.007391 8.268876 4.849084 5.715432 2.434371 8.646964 2.537374 6.827951 2.428745 8.895313 5.851803 -7.032944 -4.146582 -8.130713 -4.011504 7.428408 -4.932071 -2.086468 -1.675449 6.373586 0.132213 -9.953418 5.857501 -9.336578 1.787696 8.517726 -6.523415 9.549319 -6.938818 2.435783 -2.369035 -2.054710 -2.213386 -7.216066 7.048898 -3.469645 -3.951672 -0.525906 8.638369 6.100418 4.243022 2.329116 5.549622 3.599986 5.629264 4.165419 6.857075 -2.825195 -5.760496 -2.323878 6.194540 -4.379187 -1.947842 6.666548 7.642933 -1.299024 -4.747370 -0.784385 -1.149402 -8.499543 2.444745 -6.333626 2.050764 -5.491206 6.983065 -5.207495 -5.634581 -1.525611 5.686291 -6.666881 -7.808958 4.526640
-5.286986 -4.507187 -4.650533 -3.802000 3.453308 -8.256674 9.824316 -8.412069 -4.565596 -6.666299 -1.491591 9.513100 3.998531 -1.079033 3.654538 -5.812810 -6.269941 -4.529503 0.799707 -0.807480 -6.888215 2.622538 4.220224 8.816915 -3.422639 3.726722 -0.957515 -3.940262 -8.279775 4.697604 7.127654 -7.071354 1.184605 8.266012 -8.776989 1.295314 6.310931 9.098254 -4.295540 6.712222 3.200836 -7.294511 -6.110204 -6.396978 -0.941450 2.494277 -4.391321 -4.472297 9.644594 5.338836 0.725730 -3.540978 9.553721 -0.556856 -8.070167 3.770741 7.747307 -8.832203 8.977684 7.504019 -0.971611 1.608206 -3.370496 0.783137 4.915572 -5.850981 6.790089 0.116115 5.866994 -4.747891 -7.179554 -0.821501 6.961833 -4.025222 6.579151 -0.407470 1.572454 1.671529 -3.355210 -1.303003 -6.089751 6.703445 -9.818666 4.316625 2.397202 1.633687 7.415972 -7.809619 3.325639 4.376724 -1.695231 3.618874 0.162372 9.208358 -8.750361 -8.381564 3.431808 9.347487 0.772621 -7.346397
8.583621 4.183440 -7.738261 3.696162 -9.211031 2.884222 -0.885020 3.707983 0.479138 -8.074587 4.462006 -0.279010 -0.860606 -7.190640 7.055158 1.537432 5.288414 2.065597 4.392789 5.958192 -6.654663 6.113977 2.775273 -0.799683 6.512750 1.003133 6.802968 -1.206684 -3.458840 -2.273315 -9.684488 4.446931 5.794168 -8.883315 -1.917386 -8.322349 3.632394 7.261645 -5.706870 -4.929605 5.969933 -9.036104 8.550544 -6.903732 2.389955 7.475228 9.901443 3.893365 7.257176 -5.646701 -4.734964 1.798742 -0.259410 2.285723 8.783693 0.340894 -6.771645 1.398125 -5.955384 2.077154 7.307236 7.010114 3.904566 0.160488 -6.913921 7.356355 3.658269 8.125720 2.314236 -2.173783 -8.666179 -9.981289 -7.874113 -2.559236 6.365175 8.719327 -1.829753 -7.862562 8.277630 7.395111 -8.789323 -7.981696 -2.002086 7.466488 9.244221 -0.260509 -3.903326 -3.540569 2.150990 3.220761 -1.426330 8.145019 1.938049 -3.439640 -1.237838 3.261532 6.182038 2.338742 -6.621882 -6.097194
8.301285 -1.471516 -9.766683 1.355560 4.517069 2.568804 1.038718 5.536317 -1.828553 -9.192245 -6.203257 -3.473637 -6.786727 -8.216304 -7.950416 9.561694 -6.710784 -1.795677 -8.709455 -5.073939 8.010571 7.592870 -4.567899 0.842448 8.925278 8.190898 8.943453 8.916303 0.991642 1.979578 5.263341 4.972152 -3.718298 8.303440 6.065602 -2.340846 5.202457 3.424417 3.929925 -8.078868 8.062211 -6.318458 -5.744729 5.413522 -9.578834 0.495873 7.730978 -1.606057 2.801130 -9.180101 -9.271372 -4.596052 0.004118 6.046725 8.040280 0.179958 -5.277676 1.457837 5.732607 8.047078 2.118441 -5.316045 -4.761034 -6.369385 -6.012333 5.870222 -1.656713 5.481335 -3.985441 -8.780032 -7.761070 8.855842 8.385464 6.264706 -6.349269 -0.394514 6.967103 4.068800 -1.762136 8.038559 0.876262 7.862391 1.199683 4.336070 -2.059048 -8.572976 2.678126 -1.895954 9.740035 0.544269 -0.499663 -3.503698 8.028310 -5.138507 -0.297928 0.811909 4.855814 -5.934616 5.424119 0.231549
-7.617655 -4.253919 7.301086 9.652295 8.631090 5.755300 -4.002221 8.011276 5.406395 6.235544 -6.609549 1.427574 -2.982624 9.067548 4.294970 1.225569 6.571567 6.660810 -6.899380 2.918400 -7.074453 -6.948665 2.424304 9.870054 -1.908322 -1.192315 1.579598 6.094551 5.300773 -1.596037 8.752981 -2.811601 -9.440112 -0.540316 2.406708 -5.789522 8.876431 -9.292680 -9.900131 4.182932 8.226335 -1.068790 7.573909 -6.802148 1.948021 -1.039738 9.517283 -0.539249 1.149018 -1.572458 9.134506 0.037051 -0.373829 -3.203447 9.206954 0.299238 1.890243 -4.242830 5.103094 -4.145648 -6.223793 1.046915 3.873872 4.913412 -1.672971 -6.176521 -4.875855 6.386638 -1.253589 1.494572 -8.480137 6.609369 1.177091 -2.818598 2.965962 -3.782632 4.035682 9.855706 -3.941252 -3.823213 -7.375316 2.944894 8.282362 -8.820385 -5.612049 1.313617 -7.721670 5.339769 -7.694560 6.021072 1.080224 -8.716535 9.224705 3.539741 -8.829419 9.312766 -4.673524 -4.626459 4.245641 2.936501
-5.119676 -0.120708 8.045018 -1.014808 8.958781 6.618256 6.090577 -2.088716 -2.320737 1.960923 4.311506 -7.499581 -6.490233 -7.592087 -9.544289 -6.391761 -2.773595 -2.040743 2.119239 -9.188301 -8.201332 -8.533678 -5.590539 -1.110625 -2.864517 -8.360436 -5.357105 3.736499 -9.736953 -3.221156 -1.001209 -8.238801 -7.857032 2.248915 -3.527040 2.373187 0.829656 -5.286236 3.699246 4.775043 9.396667 4.044605 4.820550 8.536646 4.968481 -6.763668 2.755588 -5.992545 -5.210901 5.686455 6.337954 5.987433 9.654156 -5.985651 -9.410395 -3.105593 -8.597021 3.136819 -0.102291 5.842241 -8.304181 6.888433 9.674620 2.942472 8.745549 -1.136091 -8.132808 -7.131341 -3.500487 0.557826 -3.350022 -7.838897 -7.862797 -0.148643 -8.315368 0.727149 6.473665 6.627618 -7.161732 -3.539703 -9.409919 2.485136 4.406514 -9.947359 5.727358 7.331990 -8.411845 7.224999 5.847485 -7.142015 8.677982 3.408561 -1.673007 7.341619 9.397979 1.911381 5.239490 6.525294 -3.500594 -0.561098
-2.874036 -6.490991 -7.254645 7.421483 -8.492649 -7.766262 4.486235 -0.293582 -1.859023 -5.712225 2.654578 -8.991038 9.631806 -7.370908 4.379687 7.288509 9.413298 -6.186547 4.115577 -2.247800 -1.430074 5.474065 -3.972644 8.579324 -2.104268 -5.489803 -1.956130 -9.719437 6.630230 0.846734 -0.099676 1.677446 0.511280 -6.532700 5.460266 -9.067360 7.959988 4.993978 4.860845 -2.488166 3.038289 -5.667264 4.305372 -0.726874 1.654050 2.644456 7.461927 8.833726 2.094171 -4.365146 2.724009 -7.273734 8.424679 0.973996 7.425170 0.717077 -7.964531 -6.353181 6.782683 6.981866 -6.695426 -2.694397 5.330833 -8.074373 6.224003 -9.939329 -4.380183 4.414116 -5.690151 -1.253919 -0.794200 6.185025 -8.252638 9.239451 -6.092804 2.332575 -1.154121 -6.182229 -9.878977 8.007304 3.666599 4.977360 0.469371 0.427440 -5.938252 6.366869 -5.474811 7.996217 -6.514566 -8.709845 -0.054228 9.256532 -9.389100 1.440505 -3.747305 -1.535935 6.366318 -2.613184 5.163727 4.205642
2.660209 5.658815 -2.842926 -5.843603 -0.260621 -5.275383 -4.955056 -4.902661 5.473370 9.261871 5.303516 6.765361 7.363207 -3.350338 -1.910508 -1.068576 -6.967419 -9.612985 1.259285 -4.038986 7.499511 2.311404 2.417031 0.725484 -0.371641 -7.528860 -2.564667 9.990407 -2.755805 5.660134 2.992174 0.845690 -5.616939 -6.801940 2.505838 -6.116371 2.595328 -6.568032 6.659642 9.696514 4.223294 -0.144347 4.557267 3.603567 -2.002841 2.592751 1.837064 5.451707 3.460852 2.584847 -4.203394 -0.609745 0.632316 0.312286 6.123869 -0.231072 -4.953950 1.328349 3.070207 4.215024 8.622204 7.354254 -1.463797 -6.215576 3.992748 9.741035 -4.012229 -5.641391 -2.371077 -8.789247 6.811808 7.917294 1.596734 -1.537705 -5.809466 -3.995019 7.342622 -8.190343 3.637739 6.698814 -8.376822 -4.649257 -2.219521 8.089652 -3.634061 5.529043 -1.431223 3.355532 0.856449 -9.383369 -0.781167 -3.601568 -6.578199 9.687972 1.809285 -2.947487 -0.150213 2.151408 3.717753 -7.944306
-5.520190 -5.173627 2.834007 -2.089462 -6.047377 7.519235 0.809959 2.540862 4.292327 4.746914 -2.390310 -2.137805 -2.015084 -2.981396 -6.668828 8.378711 -3.799292 -6.280026 -4.877540 4.931903 1.636953 2.986520 3.498679 2.638599 -2.013358 -7.209989 -9.746985 0.472532 -5.952290 4.322585 -2.375170 -0.942912 -0.089093 8.602278 -2.100211 6.744256 -5.379394 4.817074 -1.925018 5.327306 -6.158928 4.843329 -7.297290 -4.672304 -9.095925 0.192023 -6.468415 8.100126 -2.917677 2.876196 -6.354753 3.043383 -8.322528 5.532649 -6.904103 6.213432 -4.269119 -8.892772 -5.971192 -3.007578 -3.332659 -1.862114 -0.179381 -8.040699 -9.737787 -5.638673 4.541496 -2.049120 -9.058851 5.248954 -7.186354 -7.765796 -8.868167 -2.759921 5.852231 -9.703675 -9.292849 3.657308 8.423415 0.457719 6.562664 9.910514 4.396415 3.647369 2.141094 5.501751 -3.598816 -2.990223 -1.842078 -2.066599 7.549152 -0.742296 1.591123 0.868397 5.263637 3.640175 0.540684 8.125138 9.082266 -4.568848
-3.821758 5.281640 4.764933 9.756201 -2.778715 -1.055843 7.033999 4.862660 3.655338 -3.746605 -7.986515 -3.393072 5.431376 -0.528217 3.763013 -0.717798 -6.190440 -2.903924 0.424060 -9.129020 4.621455 0.603542 0.135755 -3.937851 4.997222 -6.431089 1.491228 1.905007 -8.803359 -8.544492 8.372143 -8.008587 -4.231663 6.239004 2.565517 -9.484534 3.851607 0.855973 -6.920269 -9.942810 4.035673 2.824836 -9.892026 3.442774 -6.042103 -0.298259 -6.375887 3.596562 -7.192059 6.156488 -9.507492 6.209040 2.799523 -6.947177 -8.600438 -1.838007 -2.974566 9.479421 -6.284805 7.399330 -7.495909 2.619339 1.532991 1.329377 7.542517 -4.480815 -7.165631 -6.080596 -4.512117 -9.717939 5.520600 8.276924 5.234777 3.464370 -9.150640 3.577814 0.734468 8.701466 8.338373 -1.374564 -2.791473 -0.795757 -3.739199 -0.862181 -5.805560 -9.345904 -8.738085 -7.770389 -7.033852 -5.600289 -8.721050 -5.015359 -4.166504 1.804185 -5.445484 0.961005 -7.095127 -1.593030 4.791711 9.747092
-5.872033 -0.065995 -0.542933 -6.229351 4.961169 -8.648822 2.114555 -1.433117 -3.154795 -9.007647 -1.716586 5.374868 -0.082629 4.143972 -8.087063 -3.460231 3.545299 -0.918141 4.627550 -3.212752 8.850726 2.145859 -6.533033 3.621971 6.075062 3.897559 -6.183179 -8.035617 1.804910 2.628805 3.963357 -0.824046 -2.810498 -0.593919 -3.746050 -5.379907 -1.389415 2.554980 -5.508613 -6.776949 0.914967 -3.958187 -3.507635 6.163128 2.367808 -3.256703 2.667191 6.157255 -6.417384 -9.215743 -2.973344 -6.163626 2.813836 -3.060479 8.337957 4.606937 -8.889376 0.843787 -8.633587 -6.638019 5.806611 2.344787 4.861735 9.262311 4.203393 -4.203996 -9.141231 9.412633 -7.672925 3.133329 -2.007009 -0.160754 8.089728 -1.896675 2.421719 3.561227 -4.523482 5.660969 -3.637054 -8.439554 7.277803 -7.028935 -4.691956 4.953219 5.292480 4.035528 7.875869 3.822620 -1.992100 -0.643814 6.313472 -1.237879 3.615271 9.352986 9.714570 -5.685842 8.986083 -5.037389 -5.711794 0.262222
8.630898 2.867004 -0.806132 5.539293 9.010763 7.984910 -9.186817 4.658460 4.082568 7.604447 4.363675 -1.066434 7.698387 4.064146 -9.684186 3.868614 9.051523 -6.654631 -3.818907 1.889416 9.784964 2.950427 9.427158 -8.303850 8.918380 -0.998820 1.286802 -0.497967 9.805171 5.810198 3.388430 3.985450 6.048324 -7.202357 -3.653852 7.716108 8.906851 3.167869 -1.932290 -5.796752 -8.775302 5.962880 1.850268 -7.211957 -9.605099 8.148097 -2.407994 3.732280 -9.876503 6.063127 -9.759802 -4.693924 8.963936 -3.503165 2.671534 3.336369 -9.743881 8.682013 0.453351 5.492388 1.601312 -0.440777 6.228899 -1.364693 -7.491720 -7.373568 -6.573711 -7.593360 -1.775925 1.365462 -7.841185 4.048052 4.071988 -8.950385 -7.548173 -5.549853 -6.962743 -0.905903 -3.534673 2.142164 -6.179955 8.526770 -0.632009 -8.950237 -5.205837 0.235668 -1.264876 -0.211033 0.629387 -1.192559 -9.457095 7.215863 -8.095802 4.183717 -6.929722 2.644364 5.479839 -1.293931 -2.038646 -3.239490
-7.392065 7.092463 7.625681 4.208103 -9.788815 2.723211 -9.531831 2.260005 -5.445717 9.646162 -0.438398 6.522577 7.113232 -9.980848 -3.601569 -4.281762 4.870789 -2.950960 -4.032779 4.022722 6.363870 0.648763 -2.232982 9.985354 -1.589291 -7.515445 -8.203191 8.392934 -9.972899 -3.700901 3.379586 8.365715 -0.821301 -0.067779 -1.204158 -6.903543 -8.845384 2.639125 -5.314461 -1.176486 -4.246616 3.085206 5.758124 -5.680712 7.576383 8.385721 -2.654098 -3.784386 -9.342989 9.578914 -7.144751 -7.219521 5.981880 -1.921555 -3.672099 -9.030007 -7.565212 9.504516 1.373796 -9.173715 9.587899 -9.343741 -2.019227 -2.218840 5.806363 8.053335 0.443462 7.056287 7.082123 -0.997863 4.171928 1.558917 4.961038 -0.872073 9.159954 4.434609 3.944125 4.529641 -7.534284 6.691750 -8.273466 1.128718 2.891185 -7.247440 8.686025 0.612566 0.417894 -7.951478 -6.509194 -1.912503 9.993564 2.363454 -3.205480 -2.070956 -7.695870 1.984517 -5.015839 -8.575154 6.739514 8.989695
1.229947 1.990757 7.345326 -5.159429 -9.189266 5.017372 -9.377614 7.099251 5.343786 8.918025 4.706539 0.925584 8.505824 1.222508 4.117619 -5.857019 -2.679275 -5.551252 -9.078483 -4.738782 -6.765381 -0.663911 6.575712 -6.850638 8.685527 -3.227995 6.025169 -7.309222 -4.438695 3.472599 2.793066 -2.733658 2.369521 -8.095516 -1.256457 6.177346 4.416419 -3.822650 9.451896 3.873080 -1.650844 -1.809738 6.689573 -2.475135 -0.700573 4.074640 8.516595 8.083761 -2.333184 -7.758936 0.751934 -2.058598 8.732513 -2.401798 -0.861249 6.799329 -9.021786 3.776916 -4.454254 -8.456251 9.188625 -2.653021 -1.658496 -3.488706 -4.998003 -4.427167 -1.098344 -6.771384 7.812203 -5.312509 7.293842 -0.727181 -1.767641 -2.833280 -5.669964 9.701507 4.546883 9.847067 -8.166959 1.124098 -1.998294 -2.368623 5.575918 2.424779 -1.994218 1.954430 -4.767179 3.800545 -3.499485 -8.191202 6.683663 2.949831 -5.635805 5.167497 4.221161 3.391055 2.541462 8.611380 -5.025535 -6.383704
0.357403 -1.475157 -7.895333 5.042564 8.142367 7.123150 -6.001809 1.014666 8.081962 -0.085962 -7.255074 3.842214 6.968490 -0.741098 -8.915818 0.227504 5.631004 -8.989626 -5.739597 9.302663 -7.030968 8.529447 1.038896 9.130806 -7.944635 5.454984 -3.991993 0.476116 2.687770 6.018243 -8.462121 9.770558 -3.355196 0.158905 -2.436948 -6.959599 -6.748861 -6.457820 -2.804106 7.548440 1.389699 -1.998325 4.140410 7.660808 -0.465221 4.823029 -4.940312 4.064717 0.643035 4.258824 4.695832 8.143763 -6.537874 -3.871212 7.637233 -2.057780 -4.824492 3.328830 -3.080822 -4.277895 7.952181 -7.775991 1.710475 8.296595 3.075439 -6.258452 0.625911 4.679651 -4.011387 1.125780 -3.626500 -2.887968 2.364392 9.615132 -0.411411 -0.979283 -9.898495 -7.654038 5.242457 -4.772372 9.111869 0.343933 -3.895839 4.077334 7.107846 -6.758240 2.685754 4.568836 6.912950 5.600792 9.712798 -2.551032 4.572986 2.308374 7.628272 7.917665 4.914859 -5.662838 -6.224638 3.273625
8.727519 -4.636382 -6.107098 7.413994 -0.970267 -9.880152 -6.115084 -4.542013 -9.026444 2.875837 6.917365 4.439292 8.355358 -0.608623 9.342042 3.980155 -8.131965 -3.380454 -5.421379 2.772304 2.402131 -2.576574 -9.795760 -9.021698 -4.253445 2.412157 7.959862 2.183669 4.117766 -2.772513 -6.687256 1.122537 3.470904 1.914512 9.036547 5.975479 7.432275 -5.417188 1.812461 8.294342 1.323545 -1.870342 -0.767368 5.017341 -3.967206 4.806805 2.151747 -3.259874 1.142942 -3.192143 -4.941856 -8.798342 -0.589059 -4.692346 -4.157215 0.800036 9.162212 5.252119 5.732783 3.950527 2.299147 3.570939 1.912606 -6.730714 6.509816 6.856335 -1.419178 -3.224687 6.811936 3.785539 -4.936863 -9.483625 -6.418805 -0.694913 7.455498 7.268752 2.358745 3.143967 6.529400 -7.837683 6.645701 -8.269120 -1.437109 7.979971 2.637630 4.828401 -8.593214 7.553201 -1.937010 9.628216 1.034949 0.580533 0.386569 -6.413627 -0.831859 4.087836 5.918445 -1.477184 9.608756 -6.547718
-1.736501 6.725787 -0.022071 4.326259 7.835541 6.135687 -4.095114 4.691352 1.611735 -0.952066 1.982469 3.811010 5.070102 8.914690 -6.763845 6.059204 -8.020176 -1.851669 -9.399449 2.542837 -2.286662 7.207794 7.417404 -6.097547 -6.095320 -6.131605 7.271694 4.317653 -8.554650 3.454977 8.323311 -3.256970 8.642990 -1.443079 8.699060 -5.268389 7.221789 1.391190 -9.291320 -2.808780 8.194018 1.989194 -1.867350 -5.821604 8.991110 1.976299 7.099428 -0.874064 8.366230 9.567711 -7.366321 7.656145 1.428118 -5.420666 4.337793 0.002973 8.000920 -8.737824 -6.863689 -8.351537 3.741664 5.970891 4.234984 -8.491958 -6.693076 3.317846 -2.566361 3.087523 7.659248 4.697242 6.102818 -1.352170 -6.319795 -0.248039 -8.683474 -7.298900 -9.519231 7.732073 -2.548434 -7.329124 -3.878954 1.148885 -6.658820 -3.185025 3.808667 1.037683 0.872478 -1.745400 8.524578 7.756713 3.479871 -6.201197 -6.768232 4.191798 9.229542 3.482001 -3.232293 7.054690 8.818973 -5.565851
2.252170 2.392145 6.354575 -6.800025 9.833810 2.759917 2.287420 1.901863 7.919290 3.909415 -1.270966 3.242760 -0.629711 -5.540487 9.176491 -9.394980 4.075100 3.765658 0.241114 -5.779703 -7.776522 2.490306 6.430687 -2.601165 -7.003434 8.395732 -2.880731 -3.646409 -6.708398 -1.067465 4.366493 4.261984 9.964626 -1.759723 1.289338 -4.716968 -1.640322 -3.081705 -9.483282 7.328205 6.039429 -7.161350 0.610569 5.340363 -1.332700 9.087827 -0.811077 -0.593261 0.082618 1.542929 6.778129 0.462600 -4.138591 7.387541 -8.214757 5.594332 9.084285 8.323232 7.014400 -6.270006 6.760938 9.690148 8.264148 4.701184 -5.455645 -9.925901 6.849068 8.421534 -2.950683 -6.462711 -9.092092 2.778190 -5.969581 -7.810546 -1.533460 7.914351 0.384882 4.124975 9.878470 -2.903500 -2.511797 3.537288 -4.557989 -5.751783 -3.946076 3.136384 3.162163 -6.913637 5.065494 -7.337089 -4.153186 3.801327 6.684429 -2.329108 -2.717322 2.291188 7.005887 -6.348368 -9.311203 4.699217
1.504954 -2.945119 2.740999 -0.329395 -6.956356 6.371616 -7.426344 -1.031676 4.027417 -2.403981 -9.922181 4.958389 2.407505 -9.770909 6.270422 -3.477116 -3.925779 9.570758 6.804432 6.637797 7.884594 -7.379366 -6.096481 7.173228 -4.480694 8.518559 -1.405050 -9.531448 -2.894534 -1.593130 -9.762260 6.007493 -5.942848 5.126144 1.470588 4.453113 -2.534968 -7.160703 8.453523 3.914663 -5.465209 7.200336 -8.839152 1.761200 3.676376 0.258982 -4.535473 -5.548919 2.781745 -6.787234 7.689528 8.469944 6.150276 -9.059291 -6.049183 -8.574372 -8.496144 -5.955313 0.368472 3.430483 -5.659445 -3.952848 -3.126385 0.306014 -4.572162 1.505391 -8.306964 -5.518847 -6.802744 5.817535 -9.483995 9.691220 4.287242 8.234538 1.375874 2.469528 0.007538 -8.785000 -3.166563 6.129041 -6.231887 -9.939801 6.179891 -2.063558 -5.031453 -6.219316 1.161355 -7.393380 5.521982 9.670147 -1.302533 -8.550612 -7.414015 3.520671 -6.661572 -0.734635 3.427791 -2.035942 -5.388212 9.757367
-9.818711 0.610403 -5.516880 -8.632500 3.264093 -6.988170 5.583264 -8.715241 8.406038 5.200675 1.135947 -8.755070 0.597480 0.835752 6.963008 6.780567 0.957506 -6.125370 -1.753678 1.432239 3.927946 -1.060589 0.686116 5.442819 1.176684 2.175607 9.549580 -4.400287 -0.839736 0.536540 -0.721645 6.477317 -0.332281 6.699878 -7.487406 -2.410513 -9.053469 3.123861 5.616840 2.985108 4.716947 8.215404 -3.362835 3.015399 -5.816661 6.813769 3.147536 1.618090 1.364085 -3.276008 -2.250582 -0.097125 1.695397 -2.411977 8.864144 1.773847 -3.035412 6.542048 -0.739375 4.191657 0.499473 -6.469761 5.884055 -2.255322 -1.664974 -8.144636 1.595099 0.024295 -9.084219 -6.847122 -4.367492 -9.691091 -0.890216 5.794782 -4.298761 1.220782 -0.905070 -6.047806 0.768231 3.083731 -9.774700 0.859871 5.922232 7.181908 4.169691 3.966000 5.946813 -1.939936 -6.851415 -2.046241 0.276705 -9.617642 5.770907 4.317338 8.727708 -6.165673 -6.096463 9.364354 7.779278 0.953403
-1.701353 -9.115743 8.377126 -5.764937 9.081021 -9.096313 3.227849 -5.803671 2.937139 -9.850996 7.043484 3.476396 -9.257011 5.894355 -9.970803 2.619158 2.936105 0.813846 2.122118 6.676994 4.759137 -8.006610 7.886483 -4.257715 0.262617 5.432892 -4.982586 2.642445 -0.561864 -5.078245 9.990462 1.177950 3.844688 -5.049919 9.340903 7.498792 7.766330 -7.798120 -4.154486 6.430289 -0.722019 -2.905774 -1.942490 -3.271434 3.686962 -0.262401 3.348546 9.269020 4.735428 0.949843 1.290484 -7.769944 -9.825107 -7.838672 6.151725 8.261405 -9.480327 1.164436 4.560511 7.382913 9.140879 -8.654829 3.891605 -0.901319 -2.913597 -3.184826 8.677342 5.915551 -1.748450 8.822965 9.533085 -7.929421 -8.897088 2.892926 -0.534727 0.294958 2.590209 4.700838 -7.293492 0.284698 7.873553 3.722564 5.024594 -0.332882 -7.183350 8.696155 7.398914 -1.638703 -4.774594 7.072810 -5.087323 -6.877230 -9.784544 -1.836516 7.679467 -6.492488 -3.914581 -2.705156 -0.136859 6.881065
-6.201549 -7.435066 1.484456 1.594643 -0.763243 6.125306 8.731778 2.690841 2.033019 -1.655626 5.570792 -5.662023 9.184358 9.089806 -7.315017 0.635719 -8.779033 -2.257733 5.359989 -2.767305 -5.407644 4.554492 -9.548061 7.222410 -1.460959 2.124490 7.761431 2.885307 -4.672250 9.537091 1.338000 -8.742913 5.370688 -6.220861 1.248908 9.352602 -3.871120 4.094275 0.698321 9.929235 -8.618289 -0.284493 9.535848 5.223714 -6.783092 -4.542310 6.356302 -7.085677 1.761634 5.727812 -4.272021 5.411384 1.931032 -5.467030 6.409335 -9.012062 -4.943309 -1.715580 8.681136 3.513283 5.821099 8.501498 -5.889637 -0.098903 5.651573 8.281414 4.038754 -8.350749 1.838853 4.981212 8.154450 -3.661683 -7.723003 -6.723926 -1.222341 7.389143 -0.496016 -9.282716 1.638252 -3.996525 5.776622 2.229173 -7.107558 7.065297 1.148747 0.022965 -5.959705 9.536174 -7.585750 -7.886802 3.708472 -7.618439 -9.200933 -2.263302 -1.883020 -7.396729 -3.350545 -9.644592 -5.813847 -2.626662
-3.368789 1.576010 4.611822 -9.675088 -4.146957 6.243419 -2.835580 -1.982976 -2.608995 -0.961868 1.768035 -4.802189 0.595060 9.706126 -0.768831 -3.834772 -1.288806 0.357706 -5.496328 -4.745541 1.894971 2.432206 -5.769700 1.303656 -8.606441 -8.589873 -6.918445 7.465623 -7.134308 7.951643 4.045169 9.486835 3.847221 1.515442 2.963653 3.093757 -9.875364 3.162650 8.049012 -8.237088 5.666893 8.694349 7.285975 -1.739536 2.704727 6.853270 4.675540 1.001149 7.786481 -2.120139 2.156216 7.236812 -3.177202 -3.770082 -1.801884 -7.429387 -1.194504 6.534039 3.085650 -1.443424 2.617463 4.039536 -8.821906 -3.148247 7.162291 -5.214734 -7.337916 3.045497 6.649257 -7.978862 -3.924473 4.760714 1.228814 -3.276312 -4.416660 -8.505304 3.869968 -1.587042 5.823655 3.119482 -4.223932 9.728676 7.313710 -6.412146 5.368987 -8.332875 -2.870458 -0.717487 -2.797247 6.345494 -4.017147 8.263160 7.369458 9.735720 3.732486 -8.205122 -4.553324 -9.238020 1.680481 5.033608
2.719730 0.154554 5.298668 -3.408158 -2.482716 -6.571740 -6.972565 5.037645 -1.085363 -3.124296 0.114820 3.439067 0.342255 0.803450 -1.302651 7.256427 -3.753840 -1.643511 8.581899 -7.174881 4.627546 3.696085 -7.185885 -7.296811 -7.363110 -6.367440 -5.086715 -7.773812 5.942715 7.272597 -2.802753 -2.449968 -4.871493 -7.378041 -0.991802 -3.679649 -4.547746 -5.794203 -4.693521 -3.681746 1.468011 -5.154810 -9.267968 -5.312379 4.591819 -9.494279 -7.314094 4.538964 3.327164 0.887240 6.606420 8.021388 -2.987909 5.971978 0.937847 -1.859457 -3.003480 -2.087842 4.032224 -5.283767 3.616694 2.175205 -1.333572 -7.057701 5.959741 -5.049877 3.200939 4.362161 9.159474 1.798412 -4.460151 -8.815515 1.344305 6.985823 1.867670 -6.358085 -1.524951 2.499846 0.100456 8.845470 -7.893432 -2.321896 -0.616599 -0.525416 -6.012338 6.862080 -1.287044 8.801568 0.884329 2.509199 -7.463426 4.998636 -9.783829 7.710463 -0.335652 4.425733 9.814984 -3.988372 -8.245085 -6.618238
-2.754228 -8.030310 9.358931 -6.610044 6.624969 -2.729771 -0.445923 7.678701 8.355427 9.776229 -0.946512 -6.971927 1.688658 -6.718054 4.755900 8.732159 5.641513 -9.307264 -3.996958 -7.846033 -7.840299 -5.991222 -8.219869 7.237964 8.030774 5.189046 -4.527490 -7.671547 6.507471 -3.601709 5.871668 4.017575 8.997377 0.336244 -5.748182 -8.928095 8.094312 5.780117 8.727421 7.870932 5.612438 0.557219 3.043406 -8.583202 0.903440 -2.521322 -2.478091 4.913817 6.458423 -4.048164 -7.107926 -5.523021 -2.345858 -7.798344 -4.983475 4.388408 -8.718004 0.517600 5.284838 2.801756 9.503599 5.636291 -1.752469 8.580087 1.474949 -8.832144 3.815470 7.467012 7.534262 2.063352 -1.473186 -2.884316 -2.628912 -8.138760 3.901769 0.807262 3.055176 5.493542 -8.073674 8.369262 -8.594480 -4.689990 -5.222510 -2.891217 -3.887453 -1.754915 -2.042144 -9.326590 -0.006230 3.030517 4.319923 3.818845 2.545115 0.164057 -1.487018 -4.358140 -5.793478 4.019436 -1.474374 7.040164
-4.990926 9.165264 -2.863112 -5.115603 -2.367455 8.007470 5.594924 0.324506 -1.053092 9.655608 0.391880 3.085635 8.811841 1.980366 1.346609 -5.978221 4.219006 8.101021 7.066303 -8.408871 3.063879 4.741485 -0.788231 0.571366 9.974565 5.873220 -9.171870 6.593595 9.675503 -5.891177 -1.003849 8.559929 1.626859 -2.329614 8.391668 1.313763 1.860359 -0.639174 -6.275949 4.113140 -0.434088 -4.149443 -1.725394 7.632479 3.204194 -5.835322 -0.681900 -8.327146 7.750262 -9.067605 -3.389958 -4.321666 -4.261107 2.650905 -2.236190 7.492239 -1.312364 0.535233 0.940353 0.098452 -1.215476 -6.535017 -3.498714 -8.692019 -4.755084 -3.851885 2.392104 -9.660592 8.392062 8.932763 -2.605776 -3.774502 -4.436274 -7.584492 -1.511536 -6.160629 -2.965349 6.162638 -2.969362 -5.611333 5.287028 6.171321 -4.325417 7.839584 7.044862 4.494857 1.645623 5.541458 3.108450 -3.112993 -9.878104 -2.180815 7.690630 0.856688 -0.194527 7.822390 -7.342621 -6.313083 -9.237952 -0.235613
0.362584 -4.439216 0.951541 -1.867518 9.780894 -8.591240 -3.291526 0.774362 -8.805240 9.144527 0.117644 -9.178975 0.769604 -8.302017 7.272886 0.394698 -2.486611 -4.850098 -0.854275 -6.567658 -7.490196 -6.824672 -3.999466 3.619653 -4.075677 4.072639 -8.021228 1.396168 3.709005 8.285854 4.018095 1.747801 7.964604 4.990382 -2.422971 -7.448325 8.197492 5.796256 8.508322 9.164622 -0.386761 -2.555929 -5.773186 -1.657768 1.929055 1.174690 -1.830882 -4.817426 -0.718295 9.890468 -1.979208 0.513639 -0.755162 7.131810 -5.649399 -0.496590 -4.877410 -3.199952 -0.585972 5.037884 6.971370 9.491509 8.878919 -7.469466 -4.287577 5.968921 -1.029962 -8.920625 -0.057830 -1.289478 -1.152909 4.165704 8.783455 -1.526514 1.587691 -8.774326 5.834072 8.117355 8.573054 -1.804740 -1.512900 -2.558739 -8.410393 9.407685 7.552104 4.759011 -5.278080 -0.165120 -8.546702 -4.679217 -4.803831 6.600090 4.659472 -6.024808 4.269187 6.725471 3.153108 -9.422649 6.738506 1.356436
5.825706 2.040555 0.198391 2.166800 -6.270487 -2.326964 5.810393 6.533967 -5.965146 7.112488 8.129711 7.358865 3.322471 8.230235 -5.416230 -5.942145 -9.746457 -6.855347 -5.971012 5.396624 4.962903 -3.014375 -0.579432 -3.877944 -3.110292 3.093484 -0.748365 1.817343 -7.771646 -3.236718 7.931625 -7.345823 -0.130852 -6.874611 2.121339 -1.393544 -2.092882 -7.480496 4.159786 5.053111 7.353554 2.655326 6.097552 -2.259148 -5.141357 6.909695 -1.259135 -0.609072 2.988900 8.187354 -0.235742 -4.915571 -2.609787 4.261006 2.569116 4.793021 -6.603687 -6.406856 8.045462 7.102780 0.594939 3.632815 5.945032 -9.983280 -7.579688 -3.540197 -7.263604 3.332945 4.670801 1.482506 6.292416 -1.213600 -4.133168 -2.961544 -5.537453 6.599801 4.073975 6.354514 -8.353778 2.448480 -4.511871 8.682276 1.625759 4.860285 7.105931 -5.091934 -9.631873 2.758965 -0.997402 1.439080 -7.074747 7.941825 -2.759424 2.792850 -2.404114 9.973680 -0.128832 -2.205797 -8.303121 -3.550392
9.224802 6.503125 3.728786 -7.090133 -2.151602 -6.411354 6.844360 7.290580 -0.884299 8.687066 5.855482 3.457065 0.997348 7.027389 -4.500688 4.340288 6.099636 -9.293027 -0.099035 7.338640 -2.846076 -6.142571 9.223355 -0.741901 -4.366875 2.213872 -2.571450 7.558626 6.496486 0.893486 8.778351 9.726251 -9.525073 3.538054 -7.334510 -5.258942 -8.121340 -3.273099 4.682357 -2.238124 9.797220 9.177016 0.576748 -5.576771 5.971797 -0.078175 -8.193384 -4.431144 6.735599 -5.985879 1.282109 6.143565 -1.802293 -6.905348 4.735252 9.165967 -6.668771 -4.206209 2.213399 6.489410 3.319513 0.385624 -5.342902 -7.724309 3.624804 -0.339040 9.720878 -6.090068 4.572583 -9.212157 5.419389 3.608198 -4.259955 -9.517878 7.809999 -4.703852 -0.178468 4.213979 -4.595657 0.825652 3.471587 -7.059170 1.215948 -0.295007 1.315984 0.975682 2.492225 -1.293438 -6.153204 8.291150 -1.194381 -4.635268 3.671979 0.553859 -9.314241 5.084626 -9.683162 2.869300 -8.470845 -5.142455
-3.944379 -6.244554 1.887602 -8.322374 4.454979 9.588413 0.333985 -1.627563 -3.161090 -7.406301 9.646950 7.087791 -7.593514 1.780195 -0.512462 7.287082 9.967205 4.847969 -2.453828 8.776652 9.347601 -6.486659 -2.318211 -7.004258 1.545678 8.481918 -2.847922 3.460420 -0.447419 -4.516471 4.191125 -7.168418 -7.673392 -2.262921 -6.558946 -2.578168 1.066694 1.616185 1.044447 1.665906 -7.453840 3.319439 0.995771 2.726684 -7.057277 7.019372 -0.691313 3.115938 -7.646968 -2.309073 7.981368 -3.848369 2.915973 -1.290667 3.314285 -2.858551 -2.098154 2.994649 -5.572341 -6.838071 -4.978958 -0.998073 1.784026 -6.695139 7.795551 6.916884 9.464275 1.072229 -6.335513 3.926967 -0.907153 9.573045 -8.258108 6.108351 3.646196 -8.228552 -8.123542 -7.865337 -4.941075 -4.830813 9.638702 -2.239398 -7.032877 4.108187 6.399163 8.727425 -1.246088 1.620807 4.490572 -3.458135 2.157325 8.293282 3.949217 1.951149 1.803411 -4.437898 -1.916293 -8.678625 0.790483 1.975185
-1.377405 4.111476 7.397541 -6.093743 -0.185571 -4.605898 1.925121 -6.583115 1.163557 -1.679366 4.090664 7.944135 5.191403 -4.667827 -5.129617 -6.775825 5.862415 -9.261194 -7.721203 -9.588002 8.042355 -1.510767 -4.368550 7.579533 4.988391 8.454870 7.625708 -1.502833 8.835110 8.302708 0.205260 8.163388 -9.627923 -7.610958 6.773922 -1.911743 -3.559284 3.594803 2.514264 -0.280929 -2.999613 -2.213487 -3.738660 -6.071012 3.424768 -9.579122 -1.126282 7.367281 -1.703083 0.157196 5.761459 -7.650566 -9.530947 7.851692 9.389416 5.262607 -9.912861 6.238834 -3.739690 5.177789 3.295801 9.448521 -6.230006 9.856383 -6.098012 -9.492114 -4.866870 7.866683 1.342908 -6.676789 -6.164041 8.355359 3.376709 0.888256 5.064904 -3.918128 9.291874 -8.374759 -4.356027 3.904798 6.186108 6.537303 5.541656 -5.903763 -2.789327 -9.855232 -1.148424 3.937733 1.237840 -2.870094 2.614103 -3.761773 1.500821 5.235744 5.966059 7.703941 9.880080 2.785652 -2.337516 -4.506684
-5.701576 7.131127 0.844223 3.750060 0.686098 -4.465397 -7.388499 3.409889 -6.974457 7.605055 1.475015 6.880972 -9.718483 1.225874 -9.672600 6.660228 7.226582 3.532481 6.015565 -8.760822 -3.554177 8.637796 -6.821846 -7.620693 -1.869780 1.027455 -5.740445 3.812462 -7.341022 2.012500 9.494509 -5.826224 -6.843033 -7.076158 3.424140 -2.295363 1.363980 -5.176577 -8.933153 -8.131734 -1.493836 -5.877779 -4.120479 7.839567 -4.899041 -1.485877 4.178554 -7.929325 1.446522 8.303198 1.736356 -8.892319 -4.535899 7.496555 -0.342103 -8.195311 -1.439520 1.698414 -6.298776 2.898983 -1.374750 -7.098132 7.680818 4.910089 -0.619498 7.061987 -0.895022 -4.301484 5.337220 -5.142223 -3.208830 -0.428324 -4.540577 2.863987 8.647812 -1.930191 8.257858 2.406011 4.189803 -5.413643 -0.058952 3.175882 -0.153126 7.866255 1.093525 -5.222592 -8.648761 -0.385117 -9.658653 -2.878997 8.382235 0.425107 7.104741 9.130710 -0.566671 -1.364360 5.234598 -3.400974 -4.433391 -4.595242
-5.784212 -4.934970 9.894774 -1.775000 5.039941 -5.728597 -8.450511 5.889868 -2.206802 -5.124772 8.883866 8.062563 2.686473 -0.579432 -1.060615 3.265412 -0.419171 9.962819 1.939224 4.277035 -3.275935 8.675381 -5.078962 -0.321689 -0.472637 1.389340 -3.592812 1.305353 -3.592035 -4.555676 -9.144042 -4.531218 8.882359 0.601010 6.514985 -4.769840 0.668806 -9.227980 -4.696667 -8.986616 -2.998844 -8.102221 7.570118 -9.558612 -9.454791 -5.484600 -2.307149 -2.092076 4.696254 2.353213 -3.841295 -2.445013 -7.053111 -5.326199 1.888631 0.000885 -2.804206 4.012642 -8.912434 3.062667 -4.617780 -2.627355 6.657291 -1.534333 -0.990073 5.360158 4.346286 -2.817209 -0.442185 6.077784 -2.156115 -3.940892 -3.943288 -3.746631 7.425006 -2.492878 -4.394051 6.994148 -9.592797 -0.836628 4.045382 -1.171527 0.743501 5.970697 2.404710 0.646350 -5.536000 -4.739743 -9.509692 -2.198928 5.646904 1.909572 4.523907 -0.884341 5.807679 3.918313 -8.241559 4.575113 8.077707 1.772267
1.599076 -6.683087 -9.130388 5.416248 6.692433 8.718708 -9.706697 1.527658 6.124081 -5.390258 -2.634752 -3.766868 -4.474837 5.702443 4.202717 -8.005948 -7.696844 0.186886 -0.130950 4.567918 -8.917857 -5.607518 -5.785194 4.401761 -6.556122 -3.941378 -0.535282 1.955904 -4.928774 6.821907 7.631389 6.188949 0.695336 -5.190731 -3.646926 -2.026812 2.785798 -8.808373 -0.863565 -2.494266 3.915533 0.877451 8.426159 8.975018 5.441715 -1.393211 0.963536 -2.552343 -1.344061 -5.651683 3.494927 -3.936490 -8.093619 7.740815 6.163756 2.374675 -9.016811 -8.974316 -9.701661 -6.449072 -6.474095 -9.828215 3.374007 0.464995 -3.264216 0.449051 2.218714 -9.420088 -9.153726 6.883588 -2.617798 -3.885395 -8.331680 8.514472 7.722154 4.368653 -7.639461 5.248999 9.015191 -6.494948 2.160233 -9.293554 9.060587 8.464996 6.429099 8.024520 -6.617533 -6.313926 -6.391296 9.121682 2.033214 -7.480966 -7.481633 -6.073265 -8.934654 6.831985 -2.614884 0.400345 -1.278795 4.234453
9.627440 9.016991 7.709129 6.420425 6.547253 -3.219819 -6.274854 9.423528 1.652078 -5.418420 -2.717540 -0.869446 -3.666474 7.850509 -6.772794 -1.766225 7.988461 -7.748990 3.492771 9.612859 0.384296 1.939650 -3.744879 -8.904906 4.108902 7.809464 8.844352 4.307136 1.218088 2.985917 -0.676924 -3.054792 6.538799 5.467501 -2.999800 -2.914185 1.364777 -7.838661 -6.515166 8.188651 1.161207 -3.263167 -8.402663 -3.825193 -5.090529 8.962771 -8.447209 -4.079107 -3.922642 -6.868323 1.720680 -5.681310 -4.838943 9.514940 -2.421516 -6.459248 -5.408356 -9.699388 -7.811827 -7.732117 -4.951664 3.765657 4.936754 5.580051 9.960678 -5.702560 -2.506289 4.115387 9.141605 9.290819 0.673200 5.912158 1.237541 -2.791385 -4.195482 -8.471499 6.804017 -3.185336 -5.276599 -4.547077 -0.335965 -6.049365 8.309620 4.747199 2.248907 3.276385 4.982625 6.620250 7.743934 -1.280239 -7.481155 -5.355087 -4.107521 9.248488 -8.970001 8.050016 8.458732 -7.577856 0.585896 8.208317
0.861732 8.235999 8.765714 -3.216737 1.830315 9.924374 9.405404 -7.225461 -3.346205 -8.856042 2.360060 -4.200697 -6.475342 -9.570257 -0.175368 1.831918 -5.408049 8.517340 3.494508 0.427142 3.311636 -4.959240 5.146194 6.721333 4.598851 -3.415475 -0.689851 0.983924 2.344108 -5.428591 8.193215 -1.525718 9.916273 -1.541734 5.150395 -6.117973 -8.110758 -5.224665 8.061906 -4.957693 -7.256127 7.266070 -0.355375 -4.050084 1.285337 -0.076413 5.979508 -2.904476 -5.803148 7.082839 1.265250 7.161480 -3.925500 5.200142 4.432599 7.804787 -6.417812 -0.684016 -4.319089 8.410155 3.125626 6.257007 8.037444 0.464481 4.585664 -4.825380 7.107404 5.394007 -7.104706 -6.484371 8.942124 -9.714798 -6.850577 7.876301 6.545540 3.571700 -1.640572 9.661378 3.071234 -3.967686 -4.399870 -4.479309 -7.885450 -3.900353 8.554149 -4.264333 8.632824 7.715455 -8.344121 -6.102942 -1.084274 4.587503 9.072351 -3.937786 -0.665060 -7.667553 -2.823596 2.782077 -6.133510 9.217000
-8.198272 0.782526 8.119045 6.275168 4.817293 -8.584471 -4.717437 1.772494 -3.357093 4.112499 7.496653 9.434478 -6.025998 -6.125662 3.163512 3.440502 1.910027 -5.873399 -5.241494 5.848203 -4.801976 3.204199 7.934983 8.781002 -6.524813 -8.071850 4.084286 3.334305 -7.699421 1.670690 -1.234425 2.408420 4.303963 3.151301 -5.524160 -8.717985 9.903032 -4.428586 -7.724627 9.806438 -5.688464 6.985943 -9.447974 -0.584897 -7.151829 -0.981616 9.753356 -3.145879 1.318336 -4.609077 -1.526534 -1.131511 -7.107046 -5.860395 -8.616525 8.899052 -7.422345 4.883301 0.768588 0.686947 4.781685 -8.786702 4.935726 -5.221248 -7.768210 -3.668193 0.939161 -8.409611 1.491615 -0.332906 -4.560604 -3.825438 -6.707137 6.545872 0.583358 -6.078112 2.112833 -0.142214 -2.183426 -4.298410 -7.171654 1.330079 5.789807 1.810602 1.702136 -1.437358 1.828547 -5.550327 -7.535175 9.999714 -3.787853 6.449260 3.083102 -6.253274 4.902688 -3.518703 1.741829 0.616853 6.689145 -8.372290
-8.585118 1.982597 -0.264259 7.259016 5.839989 4.619105 7.565675 3.456136 -1.204615 5.812786 4.223186 -6.027122 5.671335 6.014325 4.418912 5.454229 -5.995200 6.231574 -5.379799 -2.146174 0.843779 0.500411 -0.916456 -9.340077 0.017120 0.317490 9.974915 6.094783 3.125861 6.515186 -0.669765 2.414962 2.569957 1.785100 9.596865 5.325711 6.607610 -3.403420 9.510281 -2.914860 5.185107 -4.110489 5.133719 7.415448 9.755250 -9.874503 -6.609052 -4.726428 4.605888 8.850543 -2.483007 1.714851 -5.537857 0.852632 2.963941 1.122828 -5.322578 -1.266579 4.486695 0.034233 9.016154 6.160125 6.375800 -6.360592 -8.301489 -7.565166 7.250884 1.094902 -5.874160 -7.308165 -9.031477 -2.810643 -7.627669 1.470431 -9.141713 -2.809061 -0.386165 3.858504 -5.525520 4.046857 9.144366 6.813486 8.203405 4.847616 7.737528 1.305534 -0.780324 2.351622 3.370600 -9.353028 -4.245438 -6.988934 1.729028 6.816872 -4.884525 -0.531081 -5.894658 9.065510 -6.675319 0.194208
-3.035819 5.183385 4.417961 9.201257 9.957303 -2.385583 -4.484049 3.906932 2.623880 -1.826533 4.877380 -1.712040 -3.487705 7.046659 -5.888260 4.894761 7.915168 7.085096 -8.137057 4.232323 3.908918 -9.699389 -2.446699 6.432451 -9.719264 4.381869 -3.183440 -1.489026 -6.730591 -3.543842 -1.927299 -0.111886 6.137873 -6.683334 3.475678 -8.892609 1.630044 3.324807 -8.473642 -1.247614 -4.692558 5.519776 3.550393 -8.563546 -9.606164 4.937912 -9.355256 9.660980 -8.555582 4.118668 -7.893175 -5.769017 -2.653714 -2.931319 -3.388839 5.223397 2.972337 -4.197754 9.432517 5.194475 -7.126024 6.835061 -9.135490 -4.736736 -5.562328 8.091581 -1.267592 5.084323 3.375716 -7.737732 5.633619 2.680489 -0.991447 -1.702322 -2.736128 -9.380154 -9.708594 -9.872754 -6.799631 2.204210 -9.046240 -7.714266 0.229960 6.737708 -5.115100 -9.999611 0.062849 3.499789 -8.024220 -7.273735 0.185170 -9.875725 -2.056830 9.391516 -5.821155 -8.071461 -6.702527 4.118238 -1.400725 4.926015
6.949869 0.484645 -8.541083 -2.176184 -7.390075 -1.140279 2.273174 -9.935747 -4.336192 -7.926631 5.030444 -5.859274 9.456259 1.108623 2.067364 8.745874 -0.998233 -3.120938 -3.913597 2.721538 6.925592 1.624274 1.008393 -8.869236 9.936187 -7.169824 -3.330428 0.258886 5.403609 -6.761137 -3.815967 -3.383320 -9.892727 0.756679 0.935729 0.772924 0.811886 2.831361 -2.671264 6.311855 -3.745714 -3.523654 -5.916425 -2.630525 8.810748 -0.402333 -0.416404 4.663099 -7.037607 8.390942 2.736521 -5.693695 -1.696410 -6.042995 4.515612 -8.216186 -3.944235 0.993071 5.264953 1.774167 -7.967242 1.105764 6.728281 -9.488014 8.822053 -8.266519 -7.828362 4.688207 -5.110236 -7.743606 2.702540 3.867084 -9.421211 1.479266 3.727015 2.627376 2.334121 -3.847605 -7.634269 -1.003373 -3.991870 -3.321094 -6.231764 -4.293874 3.175783 -3.057222 4.660986 -2.835942 -2.678730 0.696787 -1.576046 0.447940 -8.797008 -8.005640 -7.948078 9.229373 9.665581 -3.935610 -1.138275 -2.119009
-6.596960 2.192296 -8.802404 -2.665420 -9.901262 9.252368 -4.690300 9.936730 5.699408 -2.668386 6.562891 3.187047 2.135852 2.559803 3.379752 -1.330874 -0.180286 -8.826173 4.576596 7.719044 0.888054 -9.358964 8.816138 2.684880 0.573540 -5.943057 8.863796 5.330068 8.758819 -5.258550 -0.902221 0.273480 7.468076 -7.759097 0.038135 -8.595810 -2.731202 -9.548723 -5.736167 -5.586595 1.081660 7.236392 -8.270467 -9.991278 -3.958619 0.948463 -5.529706 1.756183 -5.519246 4.563157 9.755768 9.135763 -4.799198 -9.590760 3.667275 5.177473 2.961352 -1.872444 4.823473 2.530090 -1.301466 -4.846651 9.259231 -0.620805 3.225231 -6.341093 -8.170266 5.172350 -2.665465 -7.930416 5.737663 -6.968151 3.360199 -9.630366 6.439237 4.052142 -4.860054 2.574409 4.377890 -1.980984 5.903730 2.286989 1.278316 -9.279492 -3.057917 -4.669210 6.036747 5.733592 3.608422 8.660350 2.656651 1.073134 7.707895 5.094701 -9.505600 5.835354 1.005443 -2.476489 4.812334 -1.770035
-7.611455 -4.990255 -1.390053 -2.640251 -2.641678 5.016538 4.691223 9.968996 0.168235 -7.950613 5.055850 2.559188 -1.934444 9.619864 -9.183892 0.644851 8.275605 -1.107415 6.552971 -8.448865 -8.667277 -6.992609 8.638403 7.588119 -7.953043 6.074793 -0.574373 6.859567 -1.090549 -6.895305 2.936280 6.606220 9.017815 -3.010755 -2.720622 5.909922 7.527048 9.022529 8.613213 3.019546 -9.934399 5.298884 -8.996286 3.286184 1.327700 8.885833 -2.896467 -5.693025 -2.853209 4.702227 -7.863078 2.140781 -7.488623 9.141316 -9.782000 -0.504051 -8.479591 -5.997190 3.571419 4.736578 -1.283830 -9.643526 -2.181556 -6.340558 -9.067698 -8.927948 5.669422 -8.007978 2.455053 -0.033912 0.343880 3.263934 -6.633092 -5.339834 -1.219147 1.299035 -9.523944 4.345523 -8.580296 -9.567062 -5.279177 -2.355380 -9.014851 9.250617 -1.428261 -3.166193 -1.163865 -8.250901 -1.094693 -2.720955 3.819893 4.315433 2.488003 -9.891597 -7.847276 -3.835725 4.190346 -3.931945 -2.640922 -9.750659
5.347521 -2.544872 -1.543885 1.734497 7.761327 8.655555 -9.338609 -0.441461 7.671254 5.052260 9.055368 -1.411776 8.135469 -2.871495 -1.627764 2.412468 -5.802571 2.576713 1.384111 5.457122 2.333959 8.192204 -0.047179 9.858881 8.851914 0.693959 9.338840 0.994764 -8.062512 -4.939578 -3.111277 8.160843 3.672333 -0.793193 -1.795655 1.733814 0.241191 3.164073 7.478241 3.396892 0.281217 4.900509 -9.102573 7.087678 9.655808 -2.614449 0.537007 7.723663 6.565622 -7.232959 -2.283229 -9.866356 7.522130 -0.127984 -3.112298 7.911504 -3.413072 6.719269 -9.948817 8.418952 -8.597349 4.137001 7.959725 -2.756900 -7.476559 -3.655591 -0.347882 -1.923989 4.016946 -5.766455 -5.755698 -4.695725 2.345159 -0.977413 -2.853975 -6.727481 9.619133 0.402351 0.692295 -5.450991 1.505571 -2.245953 3.038684 1.756251 4.345286 2.199632 -0.583348 -2.667597 -8.005008 3.296646 -8.980265 -4.207408 0.939688 -9.181879 -7.325897 -7.196794 2.127316 9.063878 -4.444960 4.313962
-3.337383 -2.306766 7.022089 -4.177121 -1.862200 -7.691865 4.467996 -6.339030 8.542439 -7.257371 9.012052 -1.523546 5.042219 -5.474505 2.385857 1.992455 -0.938845 -8.146159 -4.624270 7.408325 2.830138 -4.738118 -5.885917 -6.651123 3.280139 -4.079822 5.768154 7.871825 8.628582 -5.785260 6.463351 -4.820671 -7.851223 -6.475678 -5.485076 9.365809 8.020994 -4.348747 -4.259697 -6.978830 6.666409 7.237646 9.929916 -7.367603 7.062876 -3.393315 -2.024502 5.616431 -9.023418 3.814232 8.700927 -0.378790 1.432668 -1.894459 -5.556923 -9.690934 -1.483014 3.783286 -6.111177 2.000260 7.823671 -3.800195 6.365910 -9.052238 3.129111 -8.058885 -9.250125 2.312047 -9.454248 3.575316 9.221160 9.164638 5.198986 2.021338 1.141706 4.097843 2.678210 2.743833 -5.623217 -9.304684 -3.273361 9.961765 -3.164439 5.246088 -8.459109 -5.547340 -4.869209 -6.574230 9.965798 -7.973841 -4.998891 -2.206546 4.855857 -7.456574 0.608225 -1.104982 9.978656 2.232683 0.084936 1.716807
3.572452 5.338827 0.019319 -4.231518 4.700848 1.325989 -6.835220 4.655386 -8.855873 0.086676 1.573564 2.481007 9.737801 -5.290597 3.438763 -7.973991 -0.338809 -7.476144 8.763961 -3.933543 6.124774 5.942522 9.758755 8.089727 -6.668814 8.300849 -2.029821 -1.941769 2.348991 -6.850329 -3.977540 1.801045 -3.115373 9.925086 3.237211 7.192380 -9.878808 3.023112 4.989787 0.157018 -7.251623 8.388849 1.034595 -5.424258 4.875062 -8.601156 -4.292019 -9.960823 -5.862976 -7.724356 -3.271843 -0.889961 4.371129 1.491082 -3.225072 -2.465603 7.538087 -8.618563 -0.670936 5.136038 -9.297960 -9.670912 1.341468 -9.041167 5.764943 1.402015 -6.555482 -9.638926 3.954263 3.697577 3.962929 8.152358 -5.568634 -4.226945 4.400369 -9.189806 -6.429090 8.160535 6.668244 5.971346 9.086852 5.854996 2.341811 -9.025544 5.254257 2.106984 6.287720 -1.061283 -7.353164 1.716441 -4.677385 -9.302001 5.591327 6.123576 7.291198 -3.430140 7.372954 7.879665 -0.875221 9.531834
4.827410 -0.095786 -8.062124 -4.317224 5.256995 -9.162502 4.550720 1.345445 0.905083 0.346633 -1.052628 5.473828 8.423028 -5.005319 1.557060 7.765451 -3.527646 1.330055 -7.171799 -4.598672 0.859641 -5.197283 6.735017 -5.498601 -5.149316 -6.067969 -6.719191 -5.686171 8.848924 -7.289373 8.217278 -1.895616 -2.386064 3.677395 4.385673 2.162331 9.117600 -9.322627 -2.938624 3.506983 -4.274022 -8.054917 -8.791137 -3.597189 0.581674 -5.049080 -0.641487 -8.427498 1.543494 -2.251365 -9.703749 -9.774375 3.238235 2.438480 8.532807 -9.842019 4.077602 6.577477 -8.823090 -5.665259 -9.284104 -4.828594 7.851734 2.098905 -9.499225 8.244392 -9.997763 5.332468 -4.647139 7.443355 -7.358847 -1.187576 -5.926333 7.794628 -2.603612 -6.489250 6.759486 6.840987 3.154983 -3.389095 -7.300754 4.908264 5.628425 2.221111 -5.722219 9.016967 -8.640555 1.047767 -4.683124 -2.869517 4.607249 -5.401800 8.599000 -3.787459 -9.843876 2.354146 -5.583754 -9.341072 -2.472121 3.531990
5.109952 -6.158128 4.076416 -1.110915 0.645654 -7.437144 2.455366 6.220240 8.166576 1.741926 -4.231080 6.105222 -8.228781 3.744846 7.844009 8.593904 4.728987 -0.452342 -9.825693 -1.249819 6.369790 -1.323496 6.406958 7.219881 -3.309998 9.169699 7.878896 -2.902252 -2.646970 2.424843 -0.802839 9.818896 9.185202 3.964748 -7.604604 -3.487503 -4.056010 6.823856 0.777341 -3.415017 3.256365 0.294819 5.306196 2.074088 9.289524 -1.609760 -0.748754 -5.252650 7.897506 8.502582 -4.616418 -7.427648 7.832829 3.686047 1.978385 3.820998 6.328309 -1.137911 8.821332 0.616760 -8.074379 9.656690 0.137107 6.829438 -5.626211 -5.404695 7.680562 1.079437 5.405633 -9.973370 6.419712 4.919781 3.934318 -8.622277 -8.044775 -0.007323 -1.376735 -1.514850 2.316534 -9.615685 9.033566 -3.793292 -8.279167 0.072946 -2.601887 9.342543 8.066831 -1.470958 -2.589683 9.035802 -0.347788 5.448354 -6.596876 0.161017 8.513452 -8.638886 2.725823 0.744983 -5.260595 -6.719117
2.192727 -6.376941 3.120348 -9.742529 -6.217240 -5.036286 -2.081759 -2.797451 -0.903943 -3.170445 -6.818622 5.574696 7.515327 6.703119 3.442936 -8.430203 -4.265045 -1.543385 8.025320 2.151754 5.050030 -4.013443 -1.977770 8.047884 5.310175 4.437067 -9.561456 -7.546858 2.694859 1.524942 2.103193 8.474887 -5.239244 0.471805 6.902922 -2.645963 2.422749 6.904194 -4.295092 -5.290132 1.358474 -9.163460 -2.678363 -7.298730 -2.538110 5.955516 -6.214230 -5.009014 8.413249 -2.439339 6.556344 2.021645 6.891895 3.275696 -3.245230 -8.451500 -7.336506 -9.631321 -6.944184 2.163649 6.183192 2.904587 -6.043478 -0.494072 6.784286 -5.259161 0.502063 -4.273041 -4.930135 -7.351364 0.127497 -8.990162 -4.807080 -1.239777 1.429393 0.524051 8.892846 -2.773956 9.087188 9.880837 4.719386 -9.286938 -0.448453 8.504762 1.707253 7.613076 5.362683 5.330658 -8.146891 -6.564069 -4.517970 -4.693659 5.739161 -5.590519 -1.717140 -4.814839 6.729411 -5.054907 9.251101 8.153327
8.198163 -6.659961 6.388104 6.275920 2.456182 9.524073 -1.960579 -8.974432 -0.767890 7.351062 8.979706 1.850793 -9.413951 9.541787 -0.410739 3.831119 -4.602073 5.452526 -9.566435 -4.397382 2.732697 4.060516 3.732845 5.378249 -5.753221 7.919954 -0.965923 9.069379 -9.564545 8.359009 -1.647925 3.228817 -0.681316 9.852862 -2.474604 6.729496 -1.253239 1.834785 -5.438263 3.176367 0.651335 -7.470568 1.684926 6.542298 -7.948274 5.537657 6.873733 7.554973 1.528535 7.140654 -5.359861 -5.858334 3.759676 -4.286016 -2.870264 7.267039 -2.408614 8.426217 -7.246736 -9.789217 -0.157749 -7.573389 -0.119133 6.788992 -6.196765 1.140083 5.356181 7.060462 -5.185892 -0.945264 -2.942404 0.381004 0.847656 -0.795699 6.724661 -8.051721 -3.477554 -6.054366 3.535656 0.332361 -9.496494 -0.022425 8.558193 2.619208 6.146146 -2.218294 6.032395 -3.355791 3.771983 1.774632 -3.756833 5.599690 -5.330138 6.804465 0.364388 8.234364 -6.781439 -0.082265 -5.629181 5.167175
5.371361 -2.221571 1.799217 7.749208 1.084599 -7.687776 -7.727220 2.015470 -3.071052 4.935436 5.277084 7.949937 2.421096 8.909513 0.358683 -5.216681 5.642226 -5.780646 6.883487 8.999194 -0.145400 2.990757 -9.184967 4.308997 -5.033846 -5.762639 -3.161595 2.994638 1.718433 9.076994 -8.895142 8.741870 7.530887 0.266953 -2.442566 -9.094344 7.395299 -3.839710 7.876827 4.481386 3.028623 0.010556 -5.723872 -5.942631 -0.740298 5.420917 6.398009 -3.177100 5.603358 -1.389251 0.164901 6.723551 -6.219337 3.195022 -2.189015 8.294147 -4.560600 -1.622567 7.404079 3.730662 0.441523 8.067415 7.641264 -2.493838 -2.824850 -1.943194 -7.362237 1.700014 3.020248 6.610534 -7.090226 1.966001 -9.399285 -6.169911 2.371290 -6.150728 -6.123092 6.587634 8.410021 6.193651 -7.066305 -9.910612 -2.556868 -5.767570 9.962569 5.648521 -4.470355 4.291174 -9.733404 4.792818 -1.020274 -1.490318 -4.384484 -4.785855 6.034936 4.062581 -9.546828 -8.251761 -3.560109 4.391237
3.113447 3.740886 -3.232548 1.851422 -0.545442 -2.558523 -7.115887 -6.737664 7.019720 0.771657 -0.687284 -6.247603 1.597138 1.072490 8.416365 -1.399012 5.339478 -8.671330 7.377828 -2.506653 -0.570941 -1.718646 9.638899 -2.850318 6.627249 -6.523991 -0.893561 -9.189840 0.849704 1.786669 8.761555 2.846109 1.628265 -4.764068 -8.371458 7.644683 9.623216 -6.247831 -5.695576 2.682752 -0.589024 -3.016919 2.431076 0.497555 4.008508 -2.899643 5.209434 5.807234 -9.401132 -9.928786 0.149212 8.766372 4.935140 8.000151 2.507141 9.681601 8.999998 5.346556 -7.085294 0.757632 -7.161496 1.655115 -8.239385 2.011843 -5.246007 2.890268 7.549805 -8.093617 -5.528485 3.606797 0.288573 5.372384 9.537477 4.757675 -2.686864 -6.280886 -4.972023 -3.827585 2.850468 -3.879950 0.279396 1.270619 5.601884 5.439759 -3.571497 5.065057 -5.883295 1.177373 -8.652935 4.721074 -0.600193 -6.889132 6.813431 5.134451 -3.906104 -5.025181 -9.959834 6.754518 -3.779541 -1.194313
6.749060 6.076181 -9.810347 -0.361417 1.289851 -2.526187 6.217982 -3.246333 -8.532020 -8.114016 -7.584619 -0.887804 1.985921 8.002617 -3.736423 8.159313 -2.296880 -3.814704 -9.783193 -8.369508 -5.510199 7.644839 8.919579 4.502164 -8.432396 -9.058377 4.890064 -7.320015 1.724979 -6.552291 -5.014875 3.175183 2.331674 -0.765749 0.553269 2.226644 4.773421 -7.182686 -3.459518 -3.514875 -3.100267 -4.044887 -8.329559 9.586642 4.396124 -0.906166 7.105349 8.978911 5.103258 -1.577138 3.554797 2.614941 -1.506125 -5.723166 -0.935142 -7.193887 7.434530 -0.146909 -6.528700 -1.430828 -5.472814 5.377016 -1.945167 -7.288593 -5.597414 3.637392 6.401367 -8.131914 -4.204414 4.382345 9.899877 5.323247 0.477272 -9.930580 -2.151251 -6.368946 9.478778 5.468919 -1.171733 -0.194261 4.011379 0.210322 -3.554567 4.512346 -5.567527 5.934991 -2.675650 7.469242 -5.532769 -0.325514 -4.294686 -9.497734 5.364818 -3.674383 3.901958 5.976654 -2.512249 7.753239 1.635418 9.727723
1.180026 4.582337 -0.481351 -4.616652 3.339014 -8.894956 7.387404 -2.636287 -1.493362 -5.960135 5.452856 1.870901 -1.823843 4.057889 -3.529909 -0.019290 -1.042971 -6.221874 -7.265744 3.226276 -5.419486 1.796450 4.926575 -8.753694 -7.750570 1.666170 5.516980 -5.086080 -1.409721 -8.320396 6.763075 5.643933 -1.133477 -8.482808 4.389454 -0.141145 -3.657412 -6.426936 -8.866310 -1.535866 -3.818123 4.510766 -0.132359 -4.807053 8.052790 8.037077 -7.948945 -0.541511 2.618936 1.800385 7.662434 -4.002970 2.885558 6.548619 -4.265329 1.586563 9.240565 2.529765 -7.388807 -8.205302 -3.289696 0.594035 -2.344641 -5.682475 0.043605 6.336537 -3.408913 5.467216 -8.920214 6.296072 -7.568562 -4.257472 2.313853 -9.329873 -4.079560 -5.290082 4.362985 4.625638 -7.921388 -7.034322 -4.505919 8.513437 -9.343054 5.762491 1.745240 -0.188630 1.969724 7.756886 6.047915 9.285863 -2.515486 -7.134271 4.708357 -0.615456 2.128491 6.863656 9.175559 -9.236903 -0.744692 -6.337521
-7.754728 2.943338 2.796677 -4.976445 -5.997909 7.749129 -6.210874 5.762576 7.152020 -3.831113 -3.816677 -4.142843 -3.619646 1.602071 -8.326986 2.058761 6.826065 6.558152 5.484873 4.989842 -9.620613 -8.848653 -9.576474 -3.028924 -4.536961 0.016778 -2.624030 -9.708041 7.420641 0.483964 7.541074 -8.003973 7.188727 1.811589 9.155280 -4.581584 7.084960 -1.371603 7.863790 5.802212 3.138060 9.633663 -4.917920 8.137831 9.218567 5.764343 7.192581 0.531175 4.702396 2.513499 6.707268 -4.890879 2.016477 9.862175 4.875046 -0.933571 4.874973 -2.740902 8.786013 4.978746 -7.240560 5.594034 -1.062645 -8.651222 4.213088 -2.490569 -7.050996 -9.123195 2.559004 9.146585 1.374929 7.302504 2.945314 -1.593779 3.357062 -5.621142 -0.309317 -6.166167 -4.274972 3.490042 6.335888 -2.455173 3.841206 -8.129040 6.805434 1.972125 0.121269 5.819371 -1.913561 7.011778 -6.559604 0.760484 -0.662550 0.530662 0.082671 5.802184 8.775897 -6.486521 -1.556446 0.384186
2.446477 6.191126 1.039723 -1.532379 0.858599 2.633564 -2.196211 8.276277 4.085405 -1.247965 3.616684 0.424423 -6.431771 4.473395 2.903156 3.400270 9.593922 -6.808724 9.881692 4.220212 5.258000 -2.331971 -0.711033 0.475394 1.329234 8.407077 -3.033365 6.408130 1.748858 9.408254 -0.991869 3.568084 3.807012 -9.113679 2.808346 -6.954720 4.624049 5.224151 9.626984 -1.636849 -5.978624 -9.746299 2.015189 0.282866 3.268534 -2.960678 -3.922353 -1.299744 -0.266601 -4.499460 5.220394 -1.569725 -5.229070 8.560212 -0.245081 1.755620 -2.716284 -6.151257 -9.878499 6.980663 8.502636 4.470797 -9.521882 -9.959667 5.602301 -3.458289 5.520957 0.025159 -8.151203 1.461114 -0.024041 -8.574700 2.685456 6.748250 0.503962 4.069918 -5.335534 -0.477277 9.531635 -0.307834 3.542939 0.836515 9.462197 -3.291285 -9.490783 -2.355907 -1.533114 5.635283 -5.959289 -5.784265 -8.968255 3.325055 2.057848 -1.028936 -9.159840 6.338472 -4.677432 3.048694 -4.487124 4.301137
-2.123990 -6.319298 0.987719 -4.570724 8.188464 7.595405 -8.117800 7.888579 1.117045 -0.445081 0.602263 7.864862 -2.805419 -2.372067 5.393995 -6.738447 -2.758827 -1.561793 -9.631527 3.435787 9.331805 2.208150 7.897236 -7.732872 -3.150753 -3.510522 -9.880352 -8.849609 -3.346738 -3.345773 1.845707 -1.007556 6.739742 -9.557548 8.010876 -2.356099 -1.445225 6.993372 -6.562184 -6.981232 3.104886 -2.390439 -5.628524 -2.203560 -8.680285 -2.249061 -8.993852 -0.295965 -3.252707 7.352959 -7.919115 9.989253 -4.290235 -7.405078 -0.316734 6.745279 8.608245 -8.126073 -4.669980 6.862774 9.544816 -8.349363 -9.988348 7.303988 -8.670154 -7.983589 -3.473353 1.406662 4.660798 6.370616 -7.383841 8.245437 4.411839 -0.197898 3.310164 -5.445586 7.357925 8.523176 7.917302 -5.859831 -3.092183 -7.140400 6.500957 3.653464 3.720532 4.046460 -8.731956 8.242382 8.067295 7.190345 -5.502372 6.365154 -4.809227 -0.975065 2.001034 -3.668619 -5.729457 -9.885561 6.421849 -1.712674
0.400965 -6.628209 3.320314 -5.747460 0.084960 -4.128520 -1.990394 -2.242699 -4.018806 -1.108921 4.722408 -8.516841 -2.967393 9.534355 2.917648 4.381934 -4.582536 -0.201278 1.156916 4.431677 -8.956299 -3.641049 2.272573 6.858922 4.816976 -4.086075 7.233355 -8.603720 9.162993 -4.291930 -2.233447 4.530093 4.717499 -9.807351 -7.725452 -4.634983 0.699325 -7.144804 1.805887 -4.218423 0.477220 -0.325465 -9.061594 -8.958214 8.662433 -2.218367 -4.587111 -9.978251 -4.198835 1.522843 -8.756318 -5.993858 -5.925889 5.198608 6.542115 9.026999 -7.471005 -0.147169 -7.650113 -2.786437 5.775359 -7.125950 0.322962 -0.696914 9.207077 6.972567 -5.449125 2.962447 3.371875 -3.519974 0.350942 3.502964 4.181682 -4.893622 -7.790078 -2.536964 -6.213504 -6.858664 2.842874 3.233576 6.331554 -6.611152 3.875191 -8.264375 -3.709535 -2.176150 -3.058470 -9.690279 -3.369483 6.083542 -7.728094 4.986442 -8.027779 -2.390643 2.021920 2.161044 0.925898 5.838923 -3.335722 -7.110676
7.611488 -5.671833 -1.393470 -8.868345 -6.540160 -1.626150 4.582562 0.238562 1.930863 1.716482 -9.187298 5.041865 -6.866000 -1.504021 2.313394 9.711901 -3.478415 4.092000 -2.881194 0.303662 8.834153 -3.044813 8.083023 9.897571 2.499457 -3.114898 -8.874233 -1.638368 -4.977524 -8.527700 -1.918665 1.173005 5.910314 -4.142390 1.527532 -8.655933 -7.550079 7.287111 0.677419 -7.595561 -5.179723 -1.930403 -8.426889 7.951513 5.062752 8.242165 1.431919 3.235874 -3.478813 9.702938 -2.875028 -9.153189 6.506825 -8.253067 9.757512 -6.958099 -5.942230 -2.477088 7.246631 -8.073953 -4.915490 5.395100 4.350644 0.437990 5.233033 -5.290076 8.245912 2.783971 -4.593308 4.796644 -7.220571 9.549572 -9.430816 3.109165 4.305340 4.024152 -1.257902 7.523999 -3.056362 -5.984330 9.329617 8.157719 6.455422 -6.111155 -8.695393 2.890967 7.813134 2.068387 -1.222589 -7.382326 4.410825 0.111295 -2.127557 1.503758 -3.059572 0.387006 -3.610654 4.223386 2.339313 9.974515
-7.086795 -2.188695 0.131173 9.530159 4.869511 -7.355616 3.640422 -7.185973 9.981942 -8.625802 0.870890 9.077655 -4.031276 -8.295066 1.135257 -4.460203 -8.091095 -3.053840 3.866811 -8.797959 1.068862 -4.587863 -4.709003 7.686660 -8.078313 -9.918426 -1.978563 8.439522 -6.538564 7.063100 -6.342335 4.026210 3.564296 -2.513857 -6.514520 -4.163434 7.344679 9.929163 7.253905 7.923303 0.314145 -6.041546 -7.662587 -1.703450 0.773593 2.656923 -5.488835 7.469651 -1.771423 -4.887798 7.595490 -5.924748 9.519880 3.899018 2.750973 5.996162 8.298389 7.899413 3.194944 -7.527782 9.586237 -9.461790 2.404318 -1.427599 -4.426779 -4.105928 -9.984347 -7.085650 7.268373 -3.046537 1.242589 -8.335157 9.071278 1.193772 3.641029 -3.444199 -7.044511 -4.426156 -2.738424 2.594652 2.968344 1.632987 5.520408 3.449233 -9.589324 0.794125 4.826039 5.115004 -6.309653 0.945639 -6.685274 7.207407 6.362164 -4.993121 6.868551 2.811889 6.356658 -1.502454 0.620603 7.711838
-9.271155 -5.496828 -4.735012 -2.791025 8.174380 0.508163 -0.957174 -8.090753 -2.314331 1.155378 0.312809 -9.849501 2.198167 5.363386 1.249882 0.313680 -8.664182 -6.387655 -2.008732 8.391414 1.811308 6.191043 -5.819958 9.478221 -7.163035 -0.319255 -9.070673 -3.526004 8.148571 -7.836406 -4.399768 1.344508 -1.606449 7.211720 -0.570637 6.122618 1.844373 -6.636630 -4.440963 0.460434 -5.101252 0.786708 6.200813 0.949729 9.422099 9.742022 -8.308245 -7.665721 6.954349 8.311012 0.004871 -5.098275 1.757154 7.216334 -0.006771 -2.439206 7.159974 5.556978 -0.073364 -7.955815 0.870353 -2.484882 -8.804363 -3.114837 -0.731080 6.220900 8.801396 -5.556088 0.692414 2.551144 -9.319356 -9.214322 8.776452 8.217180 -8.400647 5.377325 2.275850 -7.565321 -1.608614 0.242858 -1.037458 -1.044427 8.203442 5.531014 5.691943 -9.861590 -8.196571 -8.153078 -5.145060 7.389897 7.101426 4.053297 7.696652 2.889927 -5.702484 4.074654 -7.069401 0.800705 -0.389160 6.483352
