100
5.055896 0.457693 -8.993615 -5.260003 -7.240095 6.249694 -6.101638 -2.640084 -2.625628 -7.469312 8.463418 -9.390774 3.452476 -4.218599 8.491226 -7.234893 -8.228930 4.172528 9.151558 -2.159845 -7.056542 4.333154 -9.177101 6.780021 -1.828507 4.976296 -1.883192 -2.348946 -1.239573 -5.056025 -4.789388 1.870548 -9.400579 1.132874 2.293406 -9.320074 1.585396 0.609954 4.282202 -9.684963 -4.586900 -2.124877 -6.687022 -6.822096 6.440089 1.632947 -0.575213 9.944996 6.708837 -2.034133 -8.651112 -4.381526 -3.506715 4.031134 9.092210 6.024551 -2.662618 -5.396360 -5.968072 -6.717419 7.155685 0.263260 6.444999 9.420041 -8.976660 3.287233 -5.050722 -8.103940 0.209498 2.968151 -2.280124 9.174704 -8.276876 9.450092 2.946198 -1.308543 -4.398741 -6.225834 2.902942 -2.323348 -5.231526 2.490916 9.493166 -2.548048 -8.030393 4.503581 6.017233 1.098650 -6.389931 3.633316 -0.689390 -2.472810 3.764170 -5.547153 3.367318 2.543848 -1.017949 -0.356726 2.287500 8.716632
-7.265554 -6.026457 9.575014 3.209389 9.196523 3.273132 -4.736854 -6.917654 1.704935 6.404901 6.490505 -2.798442 -5.078489 9.091578 5.578900 9.154509 0.107307 4.010394 -7.535123 -8.598783 -5.121712 1.557350 -1.778731 -0.472762 -7.352779 4.196609 5.833529 1.106825 -6.625963 -0.569938 2.487015 1.669541 -7.405269 4.178455 6.352885 -8.028826 5.176822 4.116062 -8.451718 2.060876 5.102809 1.566191 9.081214 -3.346795 7.430264 -0.190455 -7.461494 -4.655818 -1.699672 -9.765184 0.284820 9.331985 -6.538804 9.060319 -1.044576 -8.214137 -3.511327 3.342706 8.841713 -1.449218 -1.422639 1.618288 -2.861090 7.884738 1.427961 0.772693 -5.755688 1.760666 6.257365 1.247387 1.762256 -0.098778 7.990339 3.559677 -4.390007 -7.071131 -7.437984 -3.128631 1.263933 -7.128629 7.689181 6.393736 2.304134 3.707751 0.908120 -7.064112 -9.286791 -2.673519 -6.745046 -9.916926 7.072982 -1.667397 -1.522263 -1.538789 -5.159637 -9.282794 -7.149416 8.054052 2.541984 -8.973133
-1.654097 -9.597389 6.308750 -7.626841 1.683839 3.273036 -5.344520 -9.919992 9.611940 6.202937 4.002289 -9.554362 -3.107136 1.941414 8.858221 6.558402 -1.375077 -5.668901 -0.217503 1.944616 -2.461951 7.618866 -1.936619 0.010220 -4.189439 9.451062 -0.809641 -2.830699 4.176010 2.476404 3.106056 -5.340367 -3.508046 3.925201 4.043527 8.507503 -7.406124 7.217673 0.075030 -8.928424 1.494149 -8.630504 3.177712 0.866650 -2.972882 -8.716874 2.453601 -2.014898 9.301991 -7.780010 -9.056733 1.626627 1.652533 -1.126112 -8.471014 8.731028 -7.112686 -2.733385 4.457833 -5.976247 1.418170 -8.688260 -4.967685 5.868742 5.142079 -6.148170 -1.129183 4.747012 4.387739 -3.585260 -4.303348 2.706602 -8.770789 7.309365 7.989599 6.309362 8.786484 7.222344 5.533785 0.254833 5.372427 1.703220 -1.650688 -6.878502 8.271375 6.382568 1.660275 -9.682491 8.992265 -5.846841 5.795461 2.743393 -5.335614 -5.423065 4.509432 -1.035179 -5.921369 3.294103 7.095342 6.027840
-2.191586 4.423052 -8.425810 9.343828 5.775187 -7.680928 5.276780 7.090457 -9.519109 3.459137 -3.691502 4.664407 -5.292965 7.463201 4.386104 -5.855088 8.305965 -8.109565 3.266113 6.791244 2.243896 -4.697158 8.254173 3.554488 -6.292835 -6.229421 4.057066 -3.295008 -0.048904 8.061195 -9.143030 1.718103 -2.808646 8.014673 8.352676 2.520954 7.389216 1.864154 -3.041708 1.980929 6.280254 7.106038 2.496027 -9.921137 5.967000 2.036380 0.408094 9.219441 0.569966 -7.410951 -2.986574 -8.132090 8.402480 7.503551 2.250659 9.499675 7.865299 -4.813294 -5.594803 6.862450 -3.684745 6.375834 1.179253 7.896407 1.288618 9.688786 -5.954333 0.445892 2.926401 1.411168 3.330952 -4.507254 9.644078 5.125520 -3.249076 -5.579555 4.231802 -6.097204 2.874140 5.839722 7.477211 -6.564631 -6.471807 3.533503 -6.917500 1.484252 -0.256121 2.080238 -9.179850 1.397455 -2.625201 -7.020059 7.543062 -5.963669 -7.896740 -0.409593 6.136844 3.093780 7.444227 -9.333613
-4.244272 8.907040 -3.050255 -9.127210 -9.180039 -1.158799 -2.712694 3.078029 2.451161 1.017984 1.397534 5.911969 9.102127 3.808876 -8.664849 9.667419 2.012839 -0.465447 9.982047 6.608978 -5.907905 8.492668 7.204602 9.704241 7.736992 -4.743928 2.756086 9.322726 -3.226752 8.314947 0.748042 6.655779 9.515814 -7.027163 -4.041050 6.589941 -8.991987 -9.147795 5.054326 -1.141106 2.803538 -1.888016 -2.851553 9.643330 7.237416 4.645777 0.702591 7.818358 8.726238 -3.540518 4.571636 -8.716097 6.476810 5.006974 -0.790991 0.293500 -2.446699 -5.311420 -8.950840 -7.948451 5.942811 5.380924 6.821035 -1.558038 0.825386 6.734546 -0.184016 6.860249 -1.394568 0.020947 9.960526 -4.932348 6.882581 -2.252682 -5.024210 -9.459348 6.932181 -5.044564 -4.475770 -8.448738 -1.199076 3.327191 9.701143 -0.383869 -7.405619 2.819415 4.963367 -6.679689 8.632218 1.170003 -5.814604 8.177876 3.531577 -6.158819 0.793628 0.413669 -8.093297 1.700922 -3.017788 -9.417395
-0.504991 -5.098630 1.935682 -4.025635 1.332560 3.410880 -0.212637 -8.278866 -2.400530 6.314628 5.986791 4.691031 4.961414 -7.828238 6.017939 9.699623 5.750894 -8.295574 2.719181 -1.349387 -6.878719 -2.352508 -2.668415 9.935827 -2.038246 8.328278 -8.606734 -8.975454 0.962519 -3.046199 3.914041 0.807458 5.574306 -2.932965 7.435314 -2.427827 4.179234 8.138263 -9.742271 3.391401 -4.653814 -8.622926 -8.507779 9.909173 -3.356506 8.317094 7.515961 -6.675210 1.754781 -8.100926 0.530752 -6.256964 -7.039640 1.342630 -3.617519 -7.052928 4.958104 -1.087999 4.552942 6.984087 -0.798613 -8.713284 0.411489 3.399563 -4.080378 5.411047 1.969301 -6.006986 -9.021817 -9.500990 6.856501 -5.898490 1.018341 3.353594 -6.667696 -7.343155 -1.595454 -1.807886 1.609185 2.113440 -0.606903 -3.163148 -8.018601 -8.783011 -6.124822 1.873836 6.326195 0.540820 -3.222797 -7.624350 -0.972901 4.067825 4.452458 -0.117631 2.104413 0.061494 -1.069416 8.175935 -3.405560 -8.277759
7.646169 9.129223 7.070296 -7.525288 1.236406 -9.379496 3.540192 4.181680 -6.332429 3.246880 9.412431 5.689600 2.916290 1.544256 -1.525857 -7.101320 5.165057 -3.949305 2.178158 -7.266282 5.798686 4.114275 3.518699 0.057213 -6.104749 5.941941 -4.250105 8.541427 -6.931295 9.649687 4.796968 3.374315 9.178162 -4.213734 -9.413010 -1.343532 3.912255 -8.950776 -3.752670 9.104803 -5.786012 0.895554 -4.534713 -6.488003 6.931852 0.583154 4.218044 -1.402998 3.682180 7.240838 7.730848 -6.093827 -8.637440 -3.152159 0.328563 7.947357 -8.740364 -2.253093 6.007391 -7.122472 1.830202 -5.410334 -4.835040 -7.916897 -2.437736 1.622741 -0.308902 2.330347 -5.685449 -4.125731 -2.786383 9.902561 -8.509256 6.290334 -9.689716 -8.356984 -2.547915 2.961433 -6.419500 9.171963 -1.416347 4.856362 -5.938329 -2.155498 -9.205553 -9.484547 -8.200313 -4.716459 2.336834 -6.096356 3.383012 -3.610944 0.673636 9.831068 -5.951406 -7.462065 -2.792406 -1.499616 8.719122 -3.632002
-2.415871 -8.429058 1.166553 -7.974571 -9.387589 5.256797 -8.233100 2.806242 4.857644 9.272585 -3.773452 6.740552 6.419932 -1.301311 -1.591530 -0.843757 0.938292 8.105505 9.241763 6.966719 6.105690 4.662386 4.223783 2.184373 -3.032291 -6.982495 -9.289034 -0.275364 6.176748 -0.485570 4.398484 -6.891325 -2.710714 -3.419200 0.490945 8.402927 -9.027289 -3.371409 1.899578 9.886150 -5.238114 -5.328425 -6.753103 5.173341 -4.642632 -6.518627 8.554712 8.357972 7.769967 7.561270 9.321449 2.997804 2.644427 5.668057 4.761881 -7.005604 -0.606960 6.276200 -5.796880 9.746146 -8.468433 0.360069 -7.419303 -3.205246 -1.344514 7.442166 5.594172 7.832796 2.905345 -7.599745 -4.212419 -8.588679 -5.619337 -6.976869 -2.459271 -7.862916 8.783479 -2.760812 -7.740171 2.629008 -7.072157 0.827039 0.219423 3.786765 -4.361352 -7.537376 8.059405 3.746330 -2.180507 -7.239981 4.621182 -7.812202 7.359138 3.416033 5.718295 1.323102 -2.643062 -0.482421 -3.550233 -8.697867
2.275773 4.186635 0.645132 -8.895822 4.280844 9.139090 -7.911833 9.260594 -7.575163 0.634551 -4.307982 -3.736546 -5.753978 -5.065776 -9.797951 -2.440358 -6.148483 -0.844562 -3.695957 3.905781 2.396329 2.380852 -5.827773 4.710820 -2.693784 -7.233869 9.784323 0.564297 5.333840 6.519907 -1.597913 -7.751229 4.875824 -3.302825 -8.949520 7.550274 -7.944863 -2.297014 2.137767 -1.340870 -2.870712 4.060790 -0.536289 -5.499089 -6.876014 4.999465 -6.724745 -7.793787 -2.168956 -7.216763 -1.068327 2.438950 -2.731921 -4.769621 -7.507011 -6.160664 -9.976826 -3.417842 -9.750357 -2.725874 -5.190333 1.700422 2.044667 0.646436 9.058255 2.974033 -9.035715 7.045157 -4.065697 -9.562353 -3.480108 7.614726 -1.137434 -8.569283 0.191274 9.698054 -1.703699 -3.742877 -3.298393 2.873275 -4.085662 -5.728112 2.077236 3.578249 9.222457 5.154763 -7.201697 -6.044728 -5.554638 5.651019 -7.776040 5.122687 -0.128337 9.809287 -0.929030 -8.052647 4.869814 9.681753 9.720782 5.471583
-8.296656 -7.847902 -7.941576 3.281251 -4.920824 1.539899 5.487631 9.768576 2.732178 -0.044316 6.100910 2.352361 -5.019960 0.916353 -2.751629 -1.848227 4.608372 0.459395 9.197980 -9.895901 -9.866544 0.154299 -3.322730 7.194240 7.891733 7.116571 -5.006855 1.754320 4.534321 5.628733 -2.160519 -4.394828 3.177128 -2.792928 -1.560129 8.049354 -6.794881 -8.234351 4.146926 -5.145991 -5.531700 -1.612732 7.811634 8.412009 8.773506 -9.630114 -3.178869 6.477764 -0.691978 -2.459077 0.607517 0.070048 -3.491531 0.490069 -9.336903 0.783700 9.478459 5.070253 4.758092 -1.058229 3.072470 -1.158688 -5.377781 -2.708375 -6.363960 -7.057638 -6.676834 9.152803 -3.168049 -7.651475 -4.960422 4.895350 4.871905 3.217595 0.088987 -8.161830 8.056246 2.290025 3.307985 0.795995 7.958279 -7.036003 -0.318863 4.393473 -3.044368 0.266697 -4.480226 7.909524 1.237572 -8.409399 -7.348138 -9.172507 -3.914387 -3.801593 -9.713211 0.102026 -7.429083 7.049798 -2.098564 -3.712104
-9.870671 -5.938382 7.942063 -9.693368 0.662358 8.434359 9.962642 7.231507 -4.774472 3.713954 -2.363840 2.670988 8.111260 6.680665 -6.767455 -4.958827 -8.763198 -9.385092 -9.497273 -7.341656 -0.252768 -3.880750 1.720643 -6.134217 3.283763 -9.065492 -7.513446 4.769439 8.580014 5.466603 7.747686 0.238675 9.553002 1.625436 -4.233046 -3.416200 4.807875 -0.927428 2.189836 -3.051839 -3.938874 -2.807128 1.052178 -8.816296 5.569713 -7.023369 4.183833 5.276170 0.934162 -3.121158 8.456977 0.952105 -1.675102 -9.742226 9.294017 6.166119 -1.592864 -3.613979 -6.647444 -8.286009 5.234008 3.939847 -5.976814 -1.837637 -9.278271 8.378151 -7.041641 2.287373 9.452965 -2.210345 4.371166 -9.644032 3.171142 -7.183132 5.896355 5.164862 7.881725 -8.337934 -2.971753 -9.819903 9.033507 -1.936121 2.026561 6.418417 6.003740 5.724990 -1.802984 0.630284 -5.838791 -7.873652 8.370225 -4.646009 6.590693 -2.761930 -6.540191 -5.118111 9.618600 -6.761140 -4.120724 -9.425257
4.084162 3.516075 -5.407202 -1.223017 3.143646 -1.213859 -2.517058 6.804652 -4.785178 3.703720 -0.235216 -3.362026 6.499040 7.206864 0.439094 -1.371509 4.031945 1.073067 -7.316940 -9.259546 -2.585904 -8.991835 2.702376 1.316801 -2.371384 -1.783035 9.055772 -5.779972 -4.598985 -6.454830 -4.718306 1.656388 -3.817608 -7.946222 8.976173 -3.648339 -5.637563 -4.309877 1.992817 5.040214 5.404502 3.936041 -7.122002 0.533913 8.662444 -4.166986 8.738363 -5.557170 1.918964 -0.193241 1.128723 -0.305585 -2.174253 7.323411 -6.047041 -4.660920 9.687571 -6.411599 -3.582353 6.041086 -2.923983 -9.482830 -3.204475 -9.737615 -8.468181 -0.145452 -1.271480 -0.644414 8.598278 1.142083 9.066558 -0.858413 8.951748 2.105115 2.662608 7.750248 -3.929481 3.364919 8.913481 -8.960632 6.885757 -7.316417 9.816523 -9.253803 6.002715 5.036177 -9.102160 -3.555618 4.790164 -2.220896 -1.344922 3.672244 3.218910 9.525438 -1.755838 5.918561 -6.752048 -2.004948 -0.033187 2.168149
3.454910 -5.845321 -2.068003 -1.496720 6.963352 -4.143969 -5.699526 0.972507 8.944859 -6.444458 1.245903 8.643310 -9.714967 -3.034970 -9.271070 -1.393171 1.148406 7.577600 6.625915 -3.591786 1.433838 4.171702 -2.341498 9.080108 2.918472 -3.000398 -1.542210 -4.538318 6.698048 7.052685 -5.200292 5.406036 -4.012801 9.497833 2.590429 -4.932683 -5.604146 8.208628 1.210202 6.484149 -4.967831 -4.797917 -2.247374 -7.487611 -5.365645 8.388804 4.279980 -9.083066 -9.663790 -2.754813 -0.618283 -7.973102 -8.207337 -8.032583 9.055050 6.577283 5.029272 2.795354 -3.224237 6.961265 7.884044 0.265608 -7.191636 -0.185824 1.131774 -9.776087 -3.240075 2.495240 8.632694 7.604881 -8.117701 2.383785 -0.833699 -3.616883 6.905094 -7.281763 -4.424971 -1.390751 1.969800 -6.036691 -5.418737 6.907549 -5.512590 1.808281 6.778489 -5.732867 -1.132880 6.386832 -3.309197 6.477953 8.995305 7.494700 -8.037184 -6.276667 -7.568509 -9.134088 9.157956 0.573836 -3.068373 -7.469868
2.985666 -6.185798 4.647300 4.443786 -5.467970 -8.401646 -7.801402 -3.651398 4.866894 -9.369866 -6.238507 3.329182 2.026590 -5.225469 -7.019317 0.660736 -3.237195 -0.216626 -5.622121 -1.395293 -0.313604 1.170691 6.132569 9.760462 3.560493 -0.126792 9.906115 -9.958355 8.827589 -6.035296 3.967318 -9.535802 -7.980061 -1.502973 -2.033070 1.026127 -0.276393 -8.314346 -3.727315 8.266588 -6.871760 3.118851 -0.522081 -3.015741 3.826226 8.602582 7.766760 -9.961201 4.539513 8.902459 -0.569933 -5.286101 9.347489 -7.015763 -1.066253 -9.287586 -1.392138 -9.475259 -2.066053 -1.956868 -7.494690 -1.469386 -1.630051 -1.025179 -9.325611 1.300463 1.868370 4.251623 -7.267953 2.448735 -4.449344 3.544223 5.692317 3.283744 7.250875 8.944796 0.647176 -5.298301 -1.549031 1.609523 -4.638128 5.854600 -3.159607 5.253152 8.121709 -2.661499 -3.492635 4.963160 -0.675305 0.466630 -4.076625 3.609106 1.784842 -9.073420 -6.447363 -2.499312 5.763777 4.399267 2.448115 -9.036857
-9.752680 -1.243321 9.259865 9.738970 -0.343612 8.972206 -3.000229 0.348919 -3.847461 -8.789616 6.826763 -6.821706 -0.414200 -5.843769 -6.782434 -3.417325 -7.341190 -8.177173 6.996639 1.237530 -9.400227 -5.612167 1.224771 1.545665 -7.039229 9.452991 -8.369446 -0.195246 -6.532461 -4.497080 9.876536 0.756736 -3.327377 0.807500 9.751799 -0.866492 -8.790434 -5.566977 -7.106975 -4.904003 -4.794014 2.666091 -1.103039 -3.957010 -6.628316 -4.363470 7.474528 8.549801 5.970479 -0.566199 3.046162 -6.195386 1.177035 8.374069 -5.131339 -0.322937 3.757157 7.602871 8.309856 -6.802789 -1.694470 6.485390 -4.241219 6.677681 -1.203182 0.938387 -8.377275 5.843697 4.782440 -2.351121 -5.688776 2.090541 -1.790888 -0.665873 9.927160 -8.326217 6.456328 3.570675 -3.262532 -0.872571 -2.307176 2.399906 -3.787708 5.068712 -8.641196 -4.610145 6.857654 -7.295430 4.206333 4.438373 8.847667 -5.322482 8.488639 4.744886 -0.667651 -2.710262 3.744789 3.346404 3.727575 0.228122
3.577596 -4.023262 4.302666 -1.897494 0.360452 -1.537054 -7.767269 -6.102615 2.475492 -6.366545 -9.972771 6.853313 -8.410470 8.014116 -1.951524 7.655266 -2.956749 4.580422 5.311031 -4.825953 -3.132915 -3.508813 8.116023 9.886700 -4.658636 -1.760860 -4.304998 5.830287 -4.100244 -5.966098 8.464359 -3.109840 7.570308 -0.834104 4.519698 6.992080 -3.209775 5.225552 -0.165982 3.122291 9.420120 0.477998 -0.470528 -6.176045 8.862201 -8.371293 6.018766 -1.075404 8.670948 -0.376307 5.132518 -3.007238 -7.308314 6.151844 1.111311 -2.582566 4.747744 1.985903 -7.011383 -5.782612 8.873090 -5.702088 -3.719731 4.375026 -6.069922 1.096342 -8.858711 2.697522 -8.799317 -2.543188 -5.901074 -1.586225 -4.187821 -8.492244 -1.445073 4.440508 4.275800 0.471475 5.082895 1.974290 -4.090348 -9.547927 -5.610440 6.475442 0.412528 -9.709718 3.032949 9.412576 -8.724552 -9.969727 -5.998669 5.093938 -4.774287 7.786545 -3.062573 -2.499921 3.646487 8.530716 6.273040 -3.585039
8.100623 1.485856 -4.374560 -1.312578 -6.396989 -8.781834 4.978630 -9.891960 8.618689 6.371610 7.068627 -8.634533 3.993046 -5.115694 -5.928110 -6.783316 -6.255702 -8.050884 -5.070214 -8.237485 -7.521726 3.204097 -2.990848 -7.064600 7.117237 2.336656 -4.171768 -1.518339 0.541735 -3.135550 3.724441 -6.032838 2.067678 2.771820 9.085272 -4.937949 7.283493 2.808224 -8.607692 9.441644 -4.493401 -0.298743 2.052784 4.541238 1.629288 -0.068000 8.883818 -0.454758 6.728038 9.314475 -9.448185 6.269091 -9.676487 8.888309 -7.878046 -2.803612 9.104788 0.645811 1.472637 -5.328961 4.166137 -9.133849 5.790844 8.502406 8.141619 0.441082 6.906827 -1.455651 -6.665759 -2.662593 8.857561 -4.523995 -0.221496 6.622007 5.366979 -0.277731 8.196785 7.512013 -2.395657 3.470862 -3.818538 8.989780 -3.763794 -2.506736 8.088785 6.493288 -3.898441 7.142340 -3.214943 -5.526749 5.687685 -3.320178 -8.811318 -9.757370 2.100427 -1.049611 -6.927403 5.809706 -6.767507 -5.791806
-8.969868 7.450885 -6.978773 6.375579 4.483798 7.395265 -2.995777 -9.679994 6.023837 -7.569026 -4.248701 -1.557733 -4.582056 -2.043866 1.224756 -5.195177 9.325498 7.769797 -8.671969 -6.120863 4.128127 -0.162059 -7.402688 -1.080876 -5.997132 -8.146639 -7.683341 -0.865343 0.825700 0.036220 -1.146432 4.456671 -6.146165 -0.337006 -5.679934 4.388482 -9.040434 -9.405712 -7.783237 2.156220 2.091878 9.848626 5.174356 -6.916737 -4.843859 -3.096521 -5.278627 -9.266042 6.553640 5.282191 3.297926 -8.844426 0.941322 7.004954 -9.804855 -8.941799 7.421659 -0.833599 -0.577317 -3.856996 4.169888 -0.652765 0.820008 5.404538 -4.059126 8.820961 -5.525489 -9.178860 -7.762049 3.766554 9.743335 4.501086 -8.327386 3.092547 -2.785285 4.167309 5.919684 5.768874 0.067676 3.881830 -7.414891 7.144270 0.749165 6.357221 -7.259224 -3.377258 -4.464297 2.661701 3.195455 5.967687 -3.118695 2.622321 -3.805963 4.689751 7.788384 0.752817 8.366351 -5.146903 1.181681 5.230901
3.204086 -4.026284 -7.835420 -9.718838 -3.370622 -7.338747 5.133001 -2.045332 9.547282 9.178094 9.594760 3.294463 4.927429 4.822658 2.181596 -2.805456 -7.860149 -7.668574 5.604086 -7.587222 3.993678 2.913053 3.957142 2.949383 -3.441835 -8.146704 3.150519 -8.517226 -9.383400 -3.028331 -5.128067 -9.700868 -7.790953 -7.358888 1.610452 3.198703 1.140126 8.298443 -5.136750 6.256994 3.261267 2.190718 -5.744254 -3.964538 -2.858887 -9.944012 -7.596321 -8.885694 -8.372473 -8.950552 -9.658261 -5.857730 7.403508 0.960666 0.422733 0.420946 4.704754 1.809911 8.668217 -6.782913 2.600387 7.883670 3.802330 2.196533 -0.483821 -3.681265 -1.686491 -5.983287 6.624033 -0.402356 1.572223 5.126718 7.151826 -5.747949 3.115163 6.326590 0.676046 -3.159620 -0.037320 -9.809884 3.806841 3.970786 6.563383 8.311643 6.087920 0.653086 2.400052 2.090199 -6.109145 -4.752668 5.234443 -8.292928 -1.137158 2.625633 -9.546565 5.751671 1.862350 -9.171558 -6.534867 -8.313157
-3.320712 6.175204 -6.852927 -1.216144 -1.438353 -7.582116 6.364706 5.217264 -6.498298 -3.120808 5.117145 -1.200797 0.901198 0.473946 -2.383246 5.664907 8.639493 9.922675 7.398460 -9.428182 7.761733 -3.595830 4.209806 4.279156 -6.342829 -9.754676 4.605822 9.734271 -1.487381 9.017491 -5.603860 2.941796 7.062802 -4.326745 8.432887 -8.917648 6.026223 7.442233 0.803754 2.074090 5.354868 -3.366113 -5.002883 -7.990986 -1.994251 2.831430 -4.353562 5.069200 -6.289787 -3.719913 -8.376619 -5.588072 -9.881150 -0.277809 0.539181 -5.434063 -9.598152 4.597379 -9.311689 9.065709 -4.416722 1.024109 -1.921869 -1.653088 -0.567565 -8.157912 1.160295 8.511826 -2.282958 6.497376 -7.984882 8.345661 -2.880182 -2.359036 -0.060585 -3.206034 -6.206133 3.196560 -3.388891 -8.299060 9.680282 -0.336886 3.660921 -6.677713 9.676240 -2.636306 1.381129 9.012307 1.859707 -6.968488 -6.480461 -9.211339 7.047819 3.565428 -3.515282 -8.085213 -1.836743 -4.878490 -7.210910 9.073446
7.183156 -6.862440 3.111690 1.343357 7.487756 8.794221 -3.394279 5.527602 6.900320 6.426408 4.559799 -5.550858 -8.100232 4.522140 -3.877799 -7.094565 4.061869 -0.723270 -2.361090 -2.768667 5.615492 2.653527 -4.896091 -3.180331 5.610943 0.963237 -8.861810 -6.664641 1.957561 -6.740858 8.114665 -1.519067 -4.197627 -3.991208 -6.671990 6.454071 8.239064 -6.095282 4.816133 3.114004 -8.492879 0.677968 6.868508 -6.196186 -1.888473 -6.500437 -9.668952 -5.178686 -6.078985 -6.582539 2.201644 -9.271689 7.139035 -5.960868 1.335403 0.566692 5.256547 -6.986419 4.686949 9.650974 -3.767403 -5.004602 8.688031 0.238204 2.644071 1.655495 -0.532400 7.955958 9.613952 1.364972 -3.574001 -7.024922 1.495409 -5.571083 1.261172 4.156587 2.531780 4.588171 -2.148707 -1.021384 7.520967 4.584455 5.948632 3.895230 -4.937643 9.939985 -6.667127 0.842865 -7.944296 -2.213260 -0.838764 -4.171961 2.473429 -4.053286 -1.378339 -7.789256 -2.393176 -8.916397 5.359739 -8.518410
-3.705213 1.352775 -4.909135 7.018880 8.533371 -7.878194 9.320910 1.204415 -6.384636 -1.679913 3.997422 6.230051 5.488247 -9.622647 8.791493 1.008720 1.976629 -8.872510 6.610111 -7.726012 -3.968884 -3.016522 4.547091 9.782976 -6.881527 -5.996201 6.849849 3.026749 -6.553646 -9.972125 -0.717008 4.382183 0.782093 1.571901 -7.329570 -8.318398 5.375569 6.606083 3.104223 -7.573572 -5.489367 -2.492671 -2.032488 9.966859 5.733294 2.002392 -6.681817 0.668677 -1.709994 -1.962353 -3.690815 -3.073802 -6.048203 -8.507463 6.732763 0.654700 5.359416 -4.469818 0.702774 2.491878 -7.619611 2.482577 2.887132 -6.967860 1.163473 -2.727343 8.957436 0.714150 3.049987 -0.885743 2.527497 5.829390 -8.404994 -1.385521 8.986791 -9.584494 7.669658 -3.908993 -5.943042 -9.848195 -6.391094 -6.375427 6.678909 -4.447911 8.480282 -8.932913 0.859851 3.740059 -9.686446 1.310094 -6.266661 9.287347 -7.336519 -3.113798 3.175529 4.321219 -4.997082 -2.640955 -6.057125 -9.988298
-4.308538 -1.890560 7.187818 6.547449 -1.852235 9.559569 3.453498 1.665779 9.869983 -9.564232 3.384052 4.470389 9.971616 -4.628930 1.956782 -9.910602 -8.429487 -1.897660 -1.854531 -5.507418 -1.641579 2.698721 -8.342034 -1.394560 -1.226087 -8.013682 -0.194588 2.375724 -5.338416 -3.811581 5.614149 -1.956569 -0.823413 5.616913 -4.656917 5.561807 -6.375848 -8.074315 8.625496 2.664206 -5.417130 -3.982297 -0.665352 2.869670 -4.999264 0.209573 -2.862601 2.116972 8.712000 -7.141562 -6.234180 -8.815577 -2.873078 -6.626426 5.281077 2.219645 -6.899047 5.683009 -4.668863 -6.726354 3.706384 -4.480167 -7.658738 -1.810173 -2.982647 -6.549910 0.586795 -4.366033 5.973819 -3.506461 9.839558 -8.797806 -5.375550 2.909450 -2.953701 0.213112 6.728487 -1.327607 5.747216 8.152039 5.112778 7.760380 7.859700 5.706952 5.211271 2.969866 4.297021 -0.336762 7.428834 9.488881 -9.009206 -9.792005 -7.840174 9.359689 7.443061 -2.610311 2.364837 -3.671232 -7.475940 -8.470590
1.933904 -7.149879 -0.140920 -6.190002 7.191009 1.833191 7.539484 2.006818 -2.100255 -4.972540 -4.012061 2.439184 -7.808061 2.209341 -0.027586 0.829167 -4.812534 1.586691 0.190459 3.581831 -3.926342 -8.525940 -6.506757 -6.611059 -6.390251 -7.183285 -7.053865 1.999146 -5.317523 -6.891587 -6.042886 9.277528 -7.413694 -8.910032 -9.499674 1.897078 4.424211 -1.023106 -1.166360 -1.012603 2.166049 8.760089 -6.846011 2.098185 -0.117570 4.647882 5.201972 8.440095 1.336916 -1.158051 -1.133889 -4.888791 -3.341744 -1.211262 6.137752 0.126698 6.913566 0.412853 6.956900 0.744191 -6.821327 -9.546409 3.079470 3.068402 -2.295895 8.673463 9.948132 8.677656 4.574268 -3.210905 8.707490 2.544149 6.715861 6.347149 -5.349017 5.394263 -7.153795 8.803052 -6.503460 -6.667436 -7.028612 1.127382 7.316072 0.344867 -7.733219 6.848994 -3.103266 5.137482 -6.890276 -7.952960 -4.355772 -5.475064 -9.355454 2.443934 8.354776 -8.396254 6.598624 -7.976003 -4.378349 6.693743
8.052021 -0.180157 -9.579348 1.402829 9.686349 -4.508534 -1.354925 8.461804 -9.246628 -7.789143 4.439026 -8.455829 -6.549583 2.778600 -9.902582 -9.422894 4.464721 0.599032 -4.468762 9.774676 -3.670771 -8.787113 2.688719 3.285580 -2.745011 -1.276418 -9.608989 -2.983069 0.677406 2.364953 -0.341116 7.864780 -0.584467 -4.651640 -3.286503 -4.838325 -7.689710 6.206867 -1.079886 -4.483976 9.934293 -5.263420 -9.092821 -3.296575 8.543099 -2.017701 -8.408078 -2.609806 -0.421015 3.763682 0.445059 9.271453 -4.750535 -2.745128 -4.263871 -0.386683 1.588998 8.157418 -6.893436 -7.318884 -2.061768 -9.965479 1.444961 -3.900856 6.318059 8.802736 -7.564559 5.635342 -7.730928 -3.145876 -1.255520 -5.492279 -0.091126 2.912525 -3.113781 -6.860596 7.594625 -1.860649 -4.375291 6.076170 6.802682 2.215381 2.460016 7.638237 8.548163 -5.952742 5.164821 4.042932 -2.863869 -4.915485 -0.044832 9.663839 -3.929626 -2.669032 -4.451329 -6.962601 2.746703 2.858776 -6.314564 -3.250062
-7.471637 4.623499 0.331718 4.713871 0.518515 1.662446 9.243993 0.407837 -9.776526 -2.335412 0.201340 -2.991530 6.866981 1.890332 9.518789 -8.323430 7.455371 2.112044 -6.053989 -6.775079 -6.248898 5.080268 -1.128150 3.934390 -5.617529 -0.134412 2.378636 -4.054148 8.895895 5.529702 -9.892356 -0.538849 -2.975996 5.501807 -9.712207 -1.937435 8.912388 -7.195666 -7.418626 7.157622 -9.891793 -5.495576 4.804116 8.333687 -0.837329 -4.508195 -6.286039 8.342265 8.034572 1.842067 1.544366 8.052464 3.371149 -8.474233 6.636857 6.404310 8.926033 -0.830276 -7.018550 -0.665365 3.287290 -6.497189 0.705599 1.431928 -3.098212 -8.889704 0.797818 -4.582813 8.942802 -1.149846 6.508248 5.854316 -2.104964 -3.324361 1.939200 8.195369 -6.647270 -2.545282 -4.857148 6.627681 -1.456655 -4.576240 3.080858 3.354739 -6.634205 7.581958 1.602938 5.218997 2.067256 7.747907 -1.451920 -4.076216 -5.271533 7.243360 5.087732 5.961266 4.020498 3.575033 -3.391111 -9.065848
8.540040 8.500649 8.068243 -0.008241 -3.214282 9.316588 -5.512191 -3.893071 6.714297 6.406078 7.556664 2.574719 -6.327023 0.598887 0.385254 -1.311192 1.845576 5.040503 -3.876322 9.209024 2.841196 -0.862626 -1.757431 6.984782 -1.554191 -9.027854 5.653367 -6.823168 -2.919058 4.320664 -5.612457 -8.977517 3.729202 -0.059403 -9.937829 4.099810 -8.504692 7.972878 3.507735 -8.310095 1.700550 -4.452457 2.502683 -7.557840 -5.067210 -8.939037 -7.311866 -8.417532 -5.243683 3.150281 -2.757921 0.333394 -2.009555 1.423636 4.983336 -8.489965 1.202557 7.349277 -5.845093 -4.462827 -6.328661 2.743488 -7.842805 -5.022435 5.024373 9.238650 1.643315 -9.180469 -7.522403 0.238075 -0.143649 -9.343582 -3.255238 1.670183 -6.757932 2.522588 7.043246 -9.797102 5.633125 5.406030 -2.306619 -0.897084 9.596558 5.066812 -7.814805 0.144810 9.582901 -8.405415 -2.404492 -5.051279 -9.257070 -3.859543 2.569410 -4.244731 -6.923393 -1.423246 -3.532338 0.514982 0.301383 5.677572
-3.158387 -2.450452 -3.612174 -4.919963 -7.806157 9.532513 -8.278662 9.051370 4.589844 6.783580 3.375248 -8.065519 4.373338 5.530829 -2.988016 -8.210831 -4.779990 2.216089 6.409802 4.961786 5.568574 0.689448 9.897748 8.378543 -2.800083 0.308904 -8.396941 7.904519 -7.014753 9.448397 5.682528 -5.360405 -2.395950 8.240009 2.256199 3.144916 -3.371586 -4.200285 -0.306549 1.201080 -8.630694 7.601908 -3.137037 -9.467084 0.073742 -6.659654 2.163380 6.007573 8.193878 -9.664857 7.930279 -8.284927 6.450468 4.188810 7.869040 9.785383 -0.127525 -4.226465 -0.491097 0.706731 -0.499792 -7.347277 -3.873656 -5.052963 0.273371 -9.028595 1.055313 9.251497 -8.837278 3.467451 1.423434 -7.258501 -9.699418 1.316746 -7.315830 7.843212 -5.016246 -7.748009 5.126149 -6.675383 -3.969596 -7.622528 -7.335643 -3.298505 -0.506672 4.331318 -4.272359 -1.693229 -0.264802 7.411921 -5.833875 1.734969 3.323807 -2.035601 1.223476 -2.327573 6.957836 -4.062227 -0.094475 -8.373757
-1.986627 2.821120 -4.770128 6.034058 -8.511355 4.531382 5.183499 -0.713634 -8.057869 -8.698034 3.627631 -8.966195 9.046541 -9.808458 1.500920 -2.771766 -3.335625 6.322574 2.434999 -2.594883 6.632635 -2.440072 8.255050 5.783059 7.514314 -2.199751 2.636755 7.259411 9.577790 -0.572358 3.185225 5.984548 9.025932 8.496539 0.956464 3.198875 9.361986 5.996710 4.198585 -4.767909 -8.856067 2.121270 7.230410 6.083267 7.516156 9.543083 6.785428 8.221368 6.115607 4.812444 -7.876537 -9.415541 -0.020028 8.078059 -6.426943 7.224614 2.075440 4.738512 -1.653645 6.165972 7.302462 8.711267 0.995280 7.015433 -2.125602 -1.030581 4.788514 1.566343 0.283861 4.239868 3.085859 -9.715026 4.188864 6.065354 -1.826485 3.643747 -4.316224 6.848288 8.718846 2.769590 3.891820 -7.328167 -9.391143 -6.582120 6.419098 5.374612 8.817006 5.342113 3.475968 -9.588927 8.976308 -0.422391 -2.657822 -3.722564 -8.133416 -2.603064 -6.097968 9.866223 2.368102 8.156278
-3.711981 -9.164707 -4.601184 -0.135950 -0.286066 -0.869900 -1.895221 2.169526 -4.341505 -2.188203 7.263615 5.326137 -8.425636 -6.424871 7.804845 0.931858 1.325576 3.804048 8.877726 7.411570 5.625074 8.063339 6.953376 3.473000 -7.639813 -9.928447 -6.819686 1.473987 -4.339735 2.929623 -8.198936 2.227097 -7.490483 5.796994 -7.256597 7.347237 7.031955 6.982572 -9.090972 5.551793 3.270489 -9.922399 9.243867 -0.562550 -6.920912 -4.728938 2.309625 -6.996113 9.464648 -1.473017 0.423043 -9.985786 2.637944 -4.296308 -8.585093 7.193785 -9.488196 -2.108167 6.677364 1.092033 7.133260 -5.488623 2.409130 -5.724462 -6.906190 -1.385816 -1.547059 -1.905418 -3.528875 1.074984 -0.672379 -4.011460 7.620940 2.856896 -5.399184 7.986639 -2.615203 5.981948 -9.524861 -1.413413 2.314856 1.737217 0.726855 -3.646751 0.814475 -8.063995 -4.821359 -3.506709 7.971834 7.611388 2.132162 2.487529 -6.569529 8.639902 1.659448 4.602153 -4.902399 -5.157030 3.828069 8.524658
0.819511 8.200402 2.751534 -0.681259 7.795162 9.315430 0.562862 0.643122 -1.086348 7.857867 -9.618862 -9.182945 -1.552560 -8.169694 2.890094 -4.898052 -3.241703 1.528280 8.294201 -8.797593 6.657496 3.206332 -2.140427 -3.107181 -5.559131 7.701504 5.427102 -5.787665 -8.372861 9.162989 -2.613071 -3.820632 -4.661578 -6.292398 9.059475 -9.554781 -9.265520 -4.679201 -5.118006 -0.474096 2.161542 -9.292323 7.176717 1.436327 -3.309561 4.785108 9.616758 5.682985 -5.083057 -5.055590 5.610635 -5.689717 6.347421 -8.468787 0.248104 -1.289062 7.109435 8.663683 0.961947 -4.094298 -1.065556 -9.961974 5.508095 -9.154946 9.400236 -1.240703 -1.313582 -6.989146 2.562481 -4.272998 -8.641506 1.838120 3.770341 -9.156719 1.411809 6.307222 -8.130375 9.525151 5.336819 -1.321735 3.825522 4.719595 7.985323 4.286625 -5.359625 -3.977743 -7.043398 9.201097 3.132924 -1.770968 -1.172187 -5.845945 2.124073 3.842070 -2.308030 -9.873182 7.197729 8.294935 2.231368 -5.136803
-0.109599 1.882503 3.122587 4.858069 6.272711 -7.748281 2.253138 -3.378093 5.586220 7.086549 -5.610626 2.166442 -0.608180 7.902861 9.465741 6.615396 6.468652 -2.281777 -6.463987 -6.542639 -0.312853 -4.690410 -3.439686 -1.681817 -7.333672 -3.224257 2.173767 8.007654 -7.314083 9.419268 -5.716695 -4.360181 3.050688 7.455367 8.137469 -3.093141 7.929413 0.658534 1.893574 8.861219 -0.473979 4.021825 0.995026 -1.032890 -2.732632 -8.273334 0.346732 1.388450 -3.550971 7.625917 5.730897 -1.763449 -4.878611 -6.254585 6.253709 -7.379055 -4.983154 -8.803406 -4.422023 9.526987 -1.707331 6.981293 0.647278 -7.789747 5.294189 -2.138397 -7.359763 1.127913 -8.684023 -7.601746 -4.190794 9.483604 -8.824770 9.852084 6.062703 9.433589 2.566594 -4.833080 -9.921044 3.053956 -1.710126 -3.647643 -9.855257 2.791252 0.910142 -5.356570 -0.903406 4.077497 -9.567905 -6.545401 -7.956134 1.436016 8.771613 2.884122 -8.252547 1.091590 -3.164637 -1.971160 -0.421951 4.902817
-2.445326 -2.129548 7.975914 -5.943010 -0.014575 -1.417391 1.827408 -2.388785 0.296299 4.965716 -4.651671 -2.179633 -4.082491 8.294041 4.099615 -0.594497 -2.572458 -2.199761 -2.398325 0.049073 -4.371671 4.864314 2.624749 3.726105 3.922623 -3.881313 -0.629724 6.631177 -8.312983 7.833738 9.299859 7.018721 7.055138 -5.885267 -2.493388 -8.800070 -4.620189 4.868270 9.127953 2.535405 6.902252 9.022321 0.377425 5.174626 -5.142382 -4.898959 4.756394 -5.391093 6.354493 -5.968644 2.236530 -3.435764 -3.917283 1.245280 -8.141180 -1.359107 -7.090033 -4.542156 2.377834 -2.553839 -5.843976 1.001599 -8.836922 -3.148994 8.236184 -3.536784 3.823884 -7.737843 -7.202049 3.529862 3.690600 -8.334284 -0.814328 -4.781505 -9.897768 -6.998967 5.457418 0.393586 2.204287 8.874235 -8.913154 4.128519 -5.878970 -6.083949 -2.291876 -1.526242 8.102230 9.389104 1.664730 3.717751 -5.917801 -4.073576 -2.240403 7.118018 -7.911281 0.588148 4.352010 -7.742491 6.814315 7.294670
3.714308 -6.289015 7.856608 -8.104230 4.511665 6.831794 -9.278022 2.483055 -3.105022 0.520205 -2.720005 3.237937 -2.507232 2.441669 0.062988 7.394154 -8.773625 -1.977796 -6.304844 0.120821 -7.372039 4.572102 1.274940 5.357263 -7.176475 2.363977 -4.218981 9.124330 8.575058 -8.284087 1.300992 -6.337548 -1.826959 -0.645462 -2.591616 -4.466189 7.114941 7.026250 4.193215 4.539578 -5.737378 -6.824640 9.295498 -8.997477 9.298695 -0.412630 5.482643 3.464826 9.256298 3.992412 -5.338670 -5.281493 -7.262287 -1.110415 -7.862757 -5.524434 9.828935 -8.497997 -5.871316 6.866245 -1.965647 6.576444 4.156641 8.431839 6.435714 8.521397 9.067141 5.396002 1.003896 -0.797176 5.051253 2.590407 5.853282 8.472243 -2.639548 2.619472 2.145373 -3.035215 -7.369322 4.049293 -6.865602 0.988015 2.551886 -3.909150 -8.993077 1.555251 5.202898 -2.483576 -8.465583 5.278597 -6.712712 2.582823 7.606451 8.118807 0.858063 -1.464809 -4.530183 3.682539 8.060198 -9.104533
-2.872483 -8.462239 9.386657 4.195926 3.269057 1.539807 4.099318 2.997071 8.876845 3.506760 -4.459053 1.358651 -1.067648 2.192148 1.832262 2.732277 -3.882994 1.746510 -6.935132 -2.852643 -9.481154 -0.731119 -9.451757 -5.452470 6.587779 8.307002 -3.469550 -5.210252 -6.691441 1.315579 -1.617028 5.799155 2.844245 -8.596119 8.919290 -7.172416 -9.984230 -9.737577 -3.944060 5.343239 6.928202 7.665588 -3.886493 1.671626 -1.758712 4.227327 -5.336352 3.725950 6.406818 8.397613 -3.717527 -5.788985 -8.103414 -3.561926 7.460817 7.252016 -4.098074 0.838576 -6.510235 -5.937376 2.487735 2.468716 7.104855 -0.813954 -9.468368 9.492225 -8.585324 -0.447589 -3.773782 -8.305400 4.929063 -7.491447 2.957427 4.147681 0.560489 6.398302 -5.995278 -7.932958 5.518620 -4.093104 -5.151691 7.357178 2.047327 8.471436 -9.557935 -8.605617 4.266508 -5.984791 -8.614856 -3.736130 -5.998520 -4.285436 2.785512 2.050008 4.686192 0.670917 0.783700 3.003125 7.668680 -7.297145
-7.075596 -7.337314 -0.673875 -5.061380 2.939197 -0.888399 2.648445 -1.029087 3.676590 -6.508663 -8.859139 -7.247350 4.872719 1.671554 8.589950 -2.479425 -6.645506 0.925500 6.416877 8.375964 4.942772 -0.315781 9.089871 -1.579609 -9.038849 -0.899280 -8.990264 -9.034100 9.439385 5.689160 -7.250037 -8.000409 9.882617 -6.358856 -7.072222 -4.472925 6.824692 -1.857389 -9.608607 3.205129 5.699957 7.723500 7.158875 0.062013 -7.574137 -6.509654 4.009072 4.570095 -1.823282 7.551326 2.014955 5.335693 -5.577367 -7.358836 -9.144098 -0.354933 -0.794216 6.796380 3.303450 -8.891549 -8.875064 8.550741 5.174739 -4.340921 -6.242406 -0.205027 -7.160689 -2.866830 -6.783033 -6.646554 1.894818 6.876556 6.743873 2.398391 -8.218674 -0.412482 8.923182 5.794225 6.441428 -1.181119 -9.876631 0.561511 8.922788 -8.412394 6.922155 4.698603 -9.612611 -6.712615 4.522967 -6.505388 7.085152 -6.518150 3.738261 3.855378 7.003818 2.033392 0.116023 -3.536469 1.723969 1.067807
9.092400 -1.010963 6.792077 5.431716 -5.319254 9.644206 4.487127 -3.699266 1.286522 -9.907459 -9.712404 -0.460977 -2.612563 -9.963521 -3.915860 -9.707396 -2.304441 9.154469 -9.534218 -1.531509 -6.074639 -7.091555 9.248361 7.628031 -4.270985 2.178087 -9.584541 -8.584909 8.740916 3.295571 -6.404776 0.859849 1.586646 9.837902 -7.848067 3.395179 -1.658947 -0.155095 4.278565 6.503374 1.628809 -0.431201 -3.675849 1.540394 -1.767768 -2.775424 -6.536594 -8.664061 -8.486614 9.547498 4.522877 -2.653418 -3.205394 2.013266 -0.507058 7.323524 0.962029 -2.871550 3.239923 5.770645 -7.258307 -0.065967 1.080190 -7.673559 6.630369 -7.325992 -1.999990 -9.621227 4.034867 -4.725449 -0.463584 7.849909 2.468618 7.500027 8.942574 -1.416957 5.609767 8.919566 -4.755965 -2.334703 -6.489554 4.549651 -2.865170 -6.949465 9.773247 -3.615966 -8.445924 -5.591104 -5.735593 3.121429 -1.254689 -6.629370 7.839848 0.094479 8.450285 1.655439 -9.345544 9.735598 -8.283939 8.768284
-1.428696 0.400822 7.828935 -7.557556 4.759668 -2.592996 -2.809226 3.454956 -2.060755 -6.453299 -7.942773 8.548588 7.669316 -2.913923 -8.480301 9.275782 4.067904 6.643802 -3.344408 1.961947 2.386962 -7.696311 -3.863939 3.569539 -8.627332 6.233267 3.059514 -5.146571 -8.071960 3.685982 -1.079748 -7.257556 9.959041 2.405849 6.845062 -6.919393 -7.526814 7.935788 2.111385 -1.090978 -3.262513 -7.670947 5.146353 -0.823228 -7.678593 -5.550280 -9.078982 -2.638395 -7.106439 6.863051 -4.105684 0.776467 -0.835215 -6.543325 7.930853 2.055655 1.238354 -1.132744 -1.508534 -9.058097 2.020429 4.621481 1.894063 2.195443 -9.965405 -0.295510 -5.787532 5.372536 0.754893 7.996886 -9.053816 0.736216 -1.820032 4.197223 7.811038 6.176579 -4.535176 7.984265 4.982805 -0.043079 9.497866 -4.626468 -2.671814 -8.171808 -2.938989 5.755714 -0.702662 4.521829 4.620492 8.930047 -6.009216 7.564639 3.657203 -9.178192 -1.750854 3.705253 -0.541735 -1.333153 -2.715441 6.407806
-9.910350 3.407077 -9.284445 6.302396 4.424084 -2.006160 -2.574472 5.327216 5.674747 -7.600944 -8.640277 -4.722959 6.997113 5.503951 -0.549574 -7.972165 6.597822 -1.072199 8.637703 6.071951 -3.354864 -2.428673 3.791243 9.047390 8.089433 1.840372 -7.007296 1.716062 5.454375 -5.636620 1.243715 -3.340335 -1.812239 8.672067 -0.351253 -3.627390 -4.434812 -5.087182 -2.150615 5.035303 -9.316657 6.664554 1.019395 -4.676932 -1.116723 -2.727358 3.582843 0.392937 -3.595330 -9.022792 1.180197 -5.578881 -8.173077 -2.126809 1.589095 -3.324192 3.118742 7.529616 -0.515436 2.116391 -3.503136 8.583558 3.881996 8.439185 3.348745 0.382749 -4.542317 -8.916337 2.893662 1.246242 9.016445 2.460577 -9.612350 -1.621301 -4.225618 -9.127769 -0.577325 5.439122 -6.563840 -2.744662 -4.855274 1.636187 -9.752143 -3.373376 1.418449 -1.103088 -1.083588 2.039643 -2.140811 4.945308 -6.450434 4.663834 -2.592283 2.684556 0.436641 -5.457720 -0.521969 -4.829629 2.480142 -6.684054
-2.134466 0.544148 5.446280 -4.960187 1.898877 1.622157 9.599341 0.926085 -9.361644 2.275416 -5.870214 4.462287 8.501668 0.753227 7.083615 -8.269376 -1.918416 -0.992450 4.736574 9.546396 0.340121 -7.033960 -3.665649 8.132090 2.555097 0.400447 7.807757 -0.782449 0.549316 -7.907380 7.132967 -3.529586 0.465022 -0.320764 -0.426326 -1.609489 -5.918235 -7.609387 -1.354098 -2.608640 1.627046 -3.423614 9.000876 -1.320843 -4.553838 5.424915 -7.834256 -8.338932 1.051962 -0.484481 2.827607 0.748590 1.824759 5.488582 8.912380 3.188626 -4.967203 5.390985 -6.898213 3.818605 -5.262682 -3.296177 7.236596 6.654947 6.722700 6.498799 3.161070 -9.423139 -9.390826 -4.384982 -2.311159 5.860886 -2.642251 -4.348332 8.614969 5.909604 -9.539186 -0.149082 -5.727531 5.504634 -5.480215 -0.134198 1.452224 4.407311 8.779518 3.081269 1.329669 -3.108807 2.687227 7.044348 7.999087 1.155554 -5.241143 2.667600 9.817795 7.211894 -1.023725 -5.189120 -0.936547 -2.911926
-4.079558 -4.350577 -0.819509 -7.389198 2.577645 6.013946 -5.693125 -4.104553 5.541246 9.159464 -0.988016 -9.238089 -6.155990 -3.637418 -9.576764 5.110494 1.549788 -4.688119 6.869234 -8.896480 8.739085 7.305612 -6.480109 9.052802 9.060775 -2.792960 4.642268 -1.067697 2.745810 -0.129666 3.616958 0.678922 8.465949 8.568186 7.665231 -2.972091 2.998159 8.261516 -4.602171 -4.043699 9.264362 -2.722614 -2.969933 -9.953002 -3.213850 8.060536 4.234339 -7.165918 -6.953607 4.780591 -7.484645 9.129681 8.927832 -8.389748 7.023017 -6.003841 -2.929546 -4.459086 7.543872 3.194705 0.291620 2.594812 -1.668886 -1.020400 -8.613153 -8.006014 6.665658 3.972334 6.375554 5.616430 1.104891 -1.346794 5.657584 2.000065 -1.727140 -0.687508 0.047363 -3.384002 0.361450 9.074804 7.532303 6.572390 6.370746 4.782587 0.541404 3.642929 -1.772871 -9.968969 -0.439094 6.240892 -2.089009 0.672824 -8.622534 -1.229782 -8.204740 1.878894 7.877877 6.758175 -8.839684 -1.959489
7.806389 -6.412521 -0.195312 4.681995 -3.675356 3.475130 4.817625 7.035815 -9.332045 -6.727388 4.004957 -4.732220 3.700491 -5.299494 -6.262168 -1.544714 0.516760 4.327738 -4.065090 -7.449250 -8.385291 1.147916 0.780530 -4.515637 6.715285 -1.541221 0.298518 -4.322256 2.450916 4.607475 -3.362395 -7.153603 -0.205077 -6.291965 -2.248826 -4.171624 3.756258 4.125573 -3.798169 9.244942 -6.135443 7.517534 -7.464540 5.630373 -2.993653 -1.977661 5.086154 1.983660 -3.809949 6.805783 -3.541716 -3.799486 -4.724558 -5.776499 2.936467 -8.263011 6.013999 -0.517720 5.446749 -8.795953 7.213259 -6.452439 7.400374 -7.955450 -3.441835 -5.898833 2.291607 6.946364 0.948011 8.791772 -5.083605 3.358494 -7.019588 6.932814 -6.701787 3.273429 -9.228880 5.626447 -3.923433 3.261161 -4.696954 6.497714 6.186899 -9.861850 0.212216 -9.462936 -4.450293 1.109439 7.192054 -5.786778 9.626242 8.990395 6.679378 2.158149 -7.589186 -2.813117 -0.861253 9.829858 9.666130 -5.895141
5.383291 -6.471499 7.988344 6.634766 6.132019 -1.177429 1.265044 -9.858984 -7.213961 2.603821 -2.342036 8.174533 -9.978222 -4.577447 3.222958 9.243927 -7.541403 -2.096832 3.925733 9.652095 -9.125779 7.682307 -3.225106 -2.516156 -9.895541 6.220528 -3.317488 -4.898475 -7.702389 4.386231 -5.981579 6.173647 -5.149048 7.511825 -9.282390 -9.901454 -2.168756 -0.909236 9.739829 8.494897 6.752277 0.858821 -1.933738 4.133442 -1.280977 3.644279 -5.894642 -4.401399 9.341074 9.284236 6.838153 9.842989 -7.028530 0.520627 5.880525 -5.679464 -0.407665 3.430212 4.003504 2.365454 8.552961 -8.823132 2.136422 4.122042 1.966275 -4.885037 -5.599624 8.531609 5.448890 2.392578 -7.967309 6.037136 4.157108 -6.248899 9.546843 5.959525 -2.143814 7.010261 -6.899146 1.622162 -6.016082 6.439056 -8.436049 -0.276077 5.174163 -4.209964 -7.277570 -6.617541 -7.324112 -3.677606 7.749091 2.239185 -4.855158 7.541787 -4.336894 -3.137856 -3.943235 4.597335 8.754309 7.909203
8.123090 -6.007191 2.531344 -4.047074 -1.221765 -6.997796 -3.315242 -1.558895 -9.075902 -6.922606 2.162707 -8.480293 -7.903561 2.841852 -1.343060 -1.289734 6.297320 -3.953541 -5.258210 -0.032401 9.235009 0.308781 1.320106 3.306093 -3.115513 6.964887 -1.101387 -1.039165 -6.278109 -8.758023 1.505043 -0.719576 6.628467 -4.159840 6.791218 6.090717 6.244262 7.500628 2.936673 -3.953016 8.506773 -4.480618 5.225760 -1.423181 9.664389 9.034604 2.237704 3.325662 9.606306 6.210990 9.228651 -0.486325 7.804571 5.199463 2.311078 -6.766302 -3.681048 0.948972 1.775151 -8.034172 -6.213214 0.493726 8.350409 1.964114 7.097550 2.182151 -8.298215 -1.665410 7.479707 2.141946 8.929642 -5.002187 2.137471 -7.771032 -3.797546 2.857033 6.349202 -1.993192 5.856122 6.488136 -6.294626 -1.709294 1.258433 1.749834 -0.181125 4.343914 3.215716 -9.859456 -5.964735 9.875032 8.945024 -0.252920 -2.387876 -8.162514 0.366527 -3.260095 7.338009 -1.083499 7.352783 1.941938
4.464378 6.728142 4.182179 0.048379 -4.188564 -4.935983 -5.374639 -7.802833 4.821528 5.405666 2.721253 -4.771862 -2.744920 3.575868 8.353912 9.733613 -3.210573 -8.460221 -7.310478 7.460176 -1.107075 -8.838730 0.720084 7.936571 0.523361 -5.403318 -1.141588 -2.742179 -1.505129 2.745003 -0.051607 1.457645 4.469958 -9.364749 1.622473 4.369940 -6.708199 9.827846 -5.219866 -2.399003 5.647211 -1.358693 1.314469 3.791463 4.855891 2.241225 -0.078266 -4.942043 -1.954143 -6.347771 2.811321 3.585591 8.872223 -3.869916 -9.888325 -6.515584 4.929260 9.031433 7.684754 5.700373 -5.581263 -0.295545 -3.792841 -8.274564 -3.204483 8.784460 8.543054 -5.542425 -0.953165 -0.855763 -2.175765 -4.780641 1.568481 5.052965 1.362614 -0.134073 0.597983 -6.913775 -6.177091 3.613821 -7.713440 -3.860277 -2.361481 4.315642 8.325577 9.794873 -6.350696 -2.336286 1.179575 0.818361 5.069849 7.502744 -3.508266 -7.515130 4.144537 -6.966213 -0.661027 9.594220 5.902851 9.394230
-6.023264 -9.165772 -6.599331 -7.291646 -7.488137 6.753707 -5.365889 7.652994 -6.813636 3.506617 8.182849 -8.753675 3.704231 3.454576 -9.112173 4.317053 -6.944117 -7.763142 8.406382 3.169822 0.738945 8.774141 0.413839 0.118354 5.294212 9.213725 8.398754 7.799509 -2.753303 9.533967 -2.640711 -4.594431 9.882187 -3.424046 0.559070 -8.005676 2.728020 -1.186195 -9.020483 4.855141 5.337772 -9.106252 -5.043947 -7.928068 2.165368 -2.193398 4.990385 -9.744867 -6.965901 0.292260 -2.335280 0.643490 7.318526 9.712700 4.377665 1.404011 -7.862320 -1.688443 -2.131637 1.179187 8.624907 -4.185571 1.004721 1.944380 -8.286497 -6.487650 -6.635695 -6.107590 6.850161 4.338053 -8.399508 5.712304 9.148270 7.468150 -7.638545 2.436641 -2.529221 2.415835 5.558279 -0.718010 7.467732 8.470489 -3.259087 4.370609 -1.166334 -9.136640 4.204894 -0.525225 -6.212793 -9.911522 -3.547911 -6.891576 -5.635049 -7.851234 9.486551 -5.846687 4.334008 -7.798098 4.173926 0.955400
1.602049 9.851096 9.474753 -5.067855 2.842036 -2.885659 0.135027 2.106499 -0.515517 -0.045437 6.005257 -5.934335 5.331206 7.854954 4.654939 2.861199 -6.270694 4.989466 -5.742764 -5.171769 -3.253457 -2.193837 -2.294445 -8.362704 -2.048797 -8.342647 -7.886994 9.976995 -0.697055 -9.728431 -7.043842 -8.901648 9.189489 7.583493 4.448357 -7.315967 6.587215 -3.789037 1.420577 1.264584 -1.775140 -3.372970 8.090217 -6.716121 -8.674460 -2.120989 9.295370 9.027544 -0.276486 4.894255 6.121624 6.219623 -4.935034 8.756488 -3.217613 6.734323 4.886094 0.840867 5.470498 2.692917 -2.056174 3.445862 2.166014 -0.499701 -0.823153 4.273907 2.551143 -5.272637 9.728579 -6.061891 -3.332805 6.722752 -7.494517 6.127060 4.133259 1.369242 2.806342 5.473902 -7.836448 1.056227 1.633586 -0.889255 4.302243 1.359650 -3.642430 1.612822 0.920326 3.093333 -0.710537 -6.625560 -6.808684 -3.740995 9.757391 -6.998907 -1.281842 -8.939189 0.479003 3.778279 4.012737 6.256438
0.372032 -3.499320 7.786274 -3.266535 -1.101105 8.474800 0.817633 -4.386800 -4.677812 -1.976146 4.467118 7.367910 9.569801 2.276339 3.933683 5.937302 -5.055930 3.828284 -2.085590 -6.950132 -2.295021 -7.065457 -1.199559 -5.735997 -6.419757 -3.631031 -3.575251 1.673200 0.108862 -7.920424 4.517337 0.119640 6.741322 -6.213582 -3.676153 -3.251505 -7.678071 3.273264 -9.375084 -4.177496 0.840895 6.912609 7.681581 0.497190 -9.266836 7.271787 9.358633 -3.583323 7.740087 9.751313 -8.079125 -0.471982 -2.250134 -1.975817 -7.011641 -1.631563 6.129442 3.933718 -5.727087 -4.176978 -9.691109 0.845478 -7.885322 -1.404256 4.096570 8.927621 1.785873 -2.772759 -0.678473 8.428221 4.155566 9.204036 5.147102 5.634788 6.573054 6.964096 -2.501784 2.214245 -9.900570 0.967315 5.715219 -1.885690 -5.594616 -5.828457 -8.738336 -9.097304 3.041856 -8.156195 -1.680820 -5.118334 0.844175 4.957260 -9.407826 6.086965 2.342684 6.786209 -6.263656 1.170321 0.310675 -8.093482
2.076835 3.570101 7.026061 0.566050 3.744462 -9.860540 9.917898 -7.696567 7.661657 -3.896534 7.721410 0.163722 3.355795 -4.083417 -7.381578 -8.429787 -7.361297 -6.833634 8.180668 -4.587254 8.769738 -8.339753 3.400292 -0.107358 -6.033498 -3.940820 -0.907521 -7.764916 -9.807812 -8.798331 -0.939350 -2.663530 -6.193996 2.075964 -2.856700 -5.909797 -3.724860 8.225533 0.532418 -7.247187 -8.775193 -4.740264 6.368697 -8.610377 -9.955796 -0.951925 7.603763 4.090567 0.887387 7.668526 7.394875 6.828009 2.057277 8.046998 -7.114917 -7.805452 -9.859900 1.333618 0.951619 -8.723701 -4.191174 5.811605 4.577833 -5.357913 1.587056 5.901059 8.291116 -3.609718 1.005550 8.381303 -5.097093 7.717059 7.949896 -7.675357 -8.664412 0.457265 2.101978 -4.917477 -1.185629 -4.006992 3.317367 0.402768 4.296579 -4.667537 -4.933642 1.791256 1.507033 8.369058 0.314036 -8.361006 5.600886 3.535385 -0.278924 5.895838 -2.357151 3.821513 -2.573698 -8.571541 2.844425 8.659904
2.606326 8.721906 2.561380 -8.953933 -7.808132 5.789141 -3.239450 -2.133820 7.734158 -7.530177 -5.269515 -7.878054 -8.822319 -3.435196 2.827193 4.280608 -0.522707 2.028527 -1.334261 -2.475553 1.385481 -9.785546 9.178726 6.325052 3.169885 -8.239370 -2.849863 1.737958 1.359012 6.198408 -1.729486 3.019184 -8.081660 6.514618 3.022702 7.926687 3.297617 5.365625 3.799605 -1.547356 8.349715 -0.718407 -8.372715 -0.767323 -8.988617 6.900601 -5.063548 9.275675 3.368040 6.907687 3.220250 7.473137 4.634022 -8.263424 -3.731662 -6.248921 -3.387423 7.943933 5.549936 -0.728062 -4.599143 6.525853 -8.700754 5.085361 -6.637032 -5.272029 0.275944 7.283302 -0.240556 -0.762830 -2.085595 -6.534015 7.923868 6.316091 1.963386 -9.812084 -7.154122 7.104981 7.177898 6.861284 4.698379 7.689137 -9.648113 -0.300758 -0.774761 -9.549296 -9.334954 -0.582465 6.206177 -6.556279 3.667479 1.150523 2.497316 -5.652420 0.531301 -0.978980 -0.067802 1.325417 -0.282499 3.779537
-2.727182 -0.374630 0.862326 -7.927303 7.593087 1.014488 -2.829221 1.881324 -0.709625 6.525245 1.426110 6.483364 5.229183 9.738559 1.604593 8.155280 0.118943 -2.472502 -7.942024 7.997697 -9.472243 -0.303247 7.443934 5.713278 -2.802998 -4.317404 8.382580 -9.566922 0.547485 7.912724 3.157036 -3.888632 -6.613030 -5.968704 -0.898327 7.964471 -7.978277 -0.274366 -9.547692 -8.329844 2.678140 3.921197 -8.844944 -2.837880 -3.225913 7.502021 9.217591 -5.411862 -6.861999 -0.682616 9.769605 6.431948 -4.350018 -2.171826 -6.417415 -6.309564 -9.038202 8.014647 -2.734702 -3.720425 -1.851027 -9.909585 7.765360 -2.218080 -6.409171 8.027015 -2.861470 0.352004 5.151946 9.893822 -5.119947 -9.057169 2.233781 3.688063 8.345478 -3.344475 -0.631558 9.883171 -5.676256 -7.807654 3.371652 -0.922316 3.398142 -4.739366 9.909108 4.495225 7.547756 7.552970 4.528280 7.260442 6.701943 1.990512 3.271231 7.726316 -4.439750 -5.041201 2.435743 6.745299 8.272159 0.001947
7.312383 -8.739910 7.787139 7.159844 4.996706 -2.350371 -1.326829 9.364029 2.626412 -9.252581 -7.751797 -3.883626 -9.346826 3.202680 5.242845 -9.259749 -1.294408 8.910924 -8.134289 -7.340395 3.588067 -3.577480 -3.292169 8.687071 -5.982285 -9.022697 -1.173293 -7.600587 -2.305620 -6.027210 4.382087 1.021038 -8.066367 9.877470 6.910991 -7.747805 -5.938727 6.384711 3.397307 0.135456 5.215794 -5.402570 -1.704292 6.202422 2.229844 -9.069155 -1.851609 -4.398270 -9.259565 -1.159829 2.602129 -2.727097 -7.373855 -4.137972 5.281317 3.623283 -3.231717 0.099296 -7.193312 6.024840 -5.063958 -8.616383 0.933902 1.761818 3.698322 -2.547135 -2.549319 2.415032 -2.260552 -4.810549 2.391360 -6.443159 6.338603 -3.335821 -9.081724 -5.512588 4.880646 6.887412 -8.411356 -5.894385 -0.566893 9.383526 0.029853 -2.596171 -9.518741 -0.156786 -6.584839 2.331192 -7.169167 -4.671371 9.702918 2.170288 8.581725 0.462249 1.379756 -0.297093 -9.039698 -9.839256 -6.381826 4.832730
5.202727 -6.235219 4.736618 -5.353611 -9.069699 2.937234 -7.371105 -9.421458 -1.420477 1.048828 -2.291301 8.859177 8.901171 1.967320 -8.890044 -4.877929 5.796470 6.677908 4.669536 -2.563502 -3.669909 1.029193 -1.391995 -6.235310 -1.791138 8.609404 3.043592 3.026812 5.414972 -3.574362 -6.878309 9.291515 3.360087 -8.814097 -3.460299 2.914915 -9.496440 -8.205283 8.037141 4.178690 4.667699 -5.581951 6.791686 8.760090 1.830866 -3.496581 -1.975498 3.774422 -7.619250 -7.557663 -0.739729 6.297047 7.126615 6.396771 -9.928259 2.700317 -9.688500 0.236119 -7.415501 -1.679809 -4.414279 7.163940 9.208839 4.066921 -2.078706 6.470081 3.993312 -7.707311 -5.068609 4.250880 6.781614 3.239251 8.064208 -1.353424 -4.510120 2.978477 -8.440886 -2.838406 0.086047 6.394745 -7.643626 6.147536 -8.490960 -6.655021 -3.201796 8.690558 -7.839861 -1.702654 -9.638695 -5.941538 -5.761425 1.415685 -3.061346 1.969875 4.770942 -6.151301 8.775575 -5.573570 -6.360395 -6.803068
-4.037286 8.813178 -8.663094 8.491702 8.515531 -9.980258 -1.944072 3.865941 6.307224 -9.469190 -5.303029 -9.071229 -9.978698 -3.299329 2.000274 -2.376648 2.578707 -7.612793 -1.188234 -8.466447 -3.843288 -2.382829 2.456685 -7.031749 -0.849749 -6.301798 -0.953725 6.345457 -2.526005 -5.857465 -1.977525 -9.675082 -6.115288 9.390761 -8.794334 -8.414138 -9.101820 4.112745 -8.223746 1.113820 -9.041051 4.222229 -1.435073 -0.954736 2.829040 8.373867 -5.725282 -4.337477 8.653288 -0.369166 7.529442 1.830114 -9.796842 -1.180558 -6.846029 7.080743 2.591440 -4.978503 1.062284 -3.721029 -1.631189 0.642703 -7.855325 -7.229872 4.377878 2.034310 -0.554833 4.947908 4.152285 -1.721291 4.516562 7.803650 -5.363321 6.039995 0.844942 -5.571386 2.596031 -1.501606 1.794222 -4.738621 7.339820 6.159319 -0.163319 -4.229354 8.839979 -8.792573 -2.354295 9.645612 2.226376 1.238277 0.857550 -1.844341 -2.580048 -0.754609 -8.978463 -4.130754 5.451623 -4.910332 0.064014 -1.109558
-0.984859 8.525879 -2.621417 0.022913 -4.239002 2.815460 -4.914917 -7.725397 7.960313 -8.961944 -7.760119 -2.750955 7.965182 -8.171439 0.454238 -7.385935 -1.608059 -4.394503 9.651033 9.894442 1.931846 1.300707 2.195389 9.264100 -8.705185 -6.998162 7.192484 4.442276 2.848879 3.462304 1.710841 5.825259 2.975883 0.271839 6.399229 5.436651 -5.612829 -7.324432 -4.713059 -0.544402 -9.251010 -8.491036 2.616006 5.448749 -6.851876 4.809700 6.652787 0.073784 6.964222 -3.861705 -7.368159 -1.631167 -5.039518 0.218815 -9.207398 7.347176 8.403276 -3.951496 7.062532 -0.603334 -3.481711 3.528852 -3.392893 8.517597 5.252395 -6.271025 5.067526 -6.711470 -8.154002 -6.852695 5.073317 8.058204 -2.618410 -9.757985 7.237343 1.670784 9.287912 -1.656907 -6.918939 -8.070870 -1.778790 1.328474 -2.266226 -9.345248 -4.045774 6.496098 6.294140 8.676493 4.102598 -3.058126 -7.009282 6.302993 8.860125 -3.540171 -0.533006 -3.194985 5.088821 7.027428 -5.391689 6.214958
-6.627564 3.449674 6.065433 -9.355493 -1.918197 4.280227 -5.368454 -2.103546 -5.463509 7.161788 -5.622108 9.713190 -6.526574 -1.793218 1.591488 2.630405 3.175401 3.430030 -9.655803 7.350334 1.552893 4.466937 7.655072 -7.637104 8.869794 -4.089018 -0.922236 -8.503612 -9.300812 -5.204338 -4.623704 0.135490 -1.250343 -5.189959 -7.297486 0.677594 -4.872696 -8.428785 -8.917296 -3.643946 6.099366 -7.358284 -4.213520 0.013977 9.808171 2.528838 9.366225 -3.718705 -7.220265 -1.390224 -2.888894 -5.250922 2.204843 -0.622736 8.021948 -5.762217 -6.293102 -2.333178 -8.408997 -0.178113 9.859079 -0.071385 5.999935 -5.743120 -3.081398 -0.142849 4.131226 3.693213 -2.754854 6.517881 9.116308 -3.189302 2.063747 6.196315 -9.359970 0.877752 0.783123 7.949435 -2.257625 -4.467012 2.101016 4.477852 -2.196475 -6.810103 0.342320 4.391066 -8.197091 -2.180681 7.334670 8.395474 4.925058 1.010852 -2.923068 -8.247191 7.093001 -2.169822 -8.377965 4.256337 8.386789 -2.928501
-7.820414 -9.278066 3.420951 -5.652255 1.933387 1.124659 1.252310 -4.483968 -0.884985 -2.129570 -5.745540 0.197385 0.145743 6.380827 4.891738 6.225813 -9.697727 -5.224827 -3.676922 1.649460 5.445551 -0.604444 -7.716378 -3.590955 5.396556 1.588957 5.760542 1.964080 2.237401 -3.978525 -4.557341 -6.568034 9.422324 0.142872 3.250719 6.378703 -6.254331 3.138392 -7.687468 -2.586348 8.778049 -9.552326 -7.409760 6.896468 8.647059 -0.222400 9.924642 -6.338757 -6.849998 0.026587 -6.481658 -5.329465 2.808687 -3.273207 6.761501 -3.231271 -9.208597 1.803984 9.344568 4.354630 -5.228012 9.998700 8.264982 7.816678 -7.797785 0.490260 2.462640 -6.555902 -8.286610 -6.151636 -2.569956 -9.153840 -6.231122 -9.048244 -8.124098 -3.075536 -5.376446 7.686073 -3.776855 7.273567 0.192218 7.860376 -4.446264 3.424877 8.724375 -6.198654 3.493170 -2.187598 0.819676 1.924362 8.674608 5.685568 -3.471422 6.988876 0.364190 1.584133 3.453213 1.740623 -0.180414 8.168482
-9.891788 5.702745 -5.530454 1.877107 7.036343 4.278166 3.164053 -0.220030 5.361042 9.339345 -7.224101 -9.437092 4.261143 4.020492 2.462337 -8.702750 5.536693 -6.949821 5.262844 1.788729 -4.350158 -2.806333 -8.073052 -4.548884 4.558695 -2.564488 4.372458 -4.191338 -6.341521 -7.048482 -4.866674 7.478882 -6.254341 3.390636 8.408647 -6.528186 1.865346 5.555032 -0.199894 9.632964 -1.409463 -1.907589 -0.172466 2.559119 -9.467420 -7.134999 -6.035435 -4.437946 -3.732016 -9.703957 0.849385 9.730603 -5.342776 0.698471 4.811180 7.734662 -4.251947 -3.053240 0.536750 -1.512568 2.388981 -6.448873 2.442760 1.239943 -7.627663 6.500059 -7.557898 -3.639258 -3.796102 2.780448 -9.065700 -3.756223 1.196637 0.620273 1.631265 7.699452 3.107318 -4.206916 8.503197 8.887665 1.431153 -3.815652 3.537578 9.787650 -5.600044 -7.695270 9.259029 5.913037 -9.250203 -4.276368 -5.213082 6.977594 6.551876 9.555892 -1.093654 3.612000 7.628821 2.472479 -6.152560 -3.936329
3.840920 8.520974 2.896921 2.128338 6.364695 5.360009 2.583223 3.281616 -8.508698 -7.808400 -3.191735 -6.503890 5.776861 -6.439454 -2.494667 5.915685 7.409663 9.905440 9.671799 4.919943 -3.143341 -2.270749 -1.616125 6.302860 -4.269012 7.596478 5.531870 -5.117009 -2.508903 -7.117723 1.830954 6.905937 9.639706 0.821890 9.381089 8.245747 2.231009 9.727546 8.209017 -9.789575 -8.383919 -9.844960 -0.014197 4.208152 0.462566 5.054453 -6.060473 -7.893926 -4.999748 -1.117114 -0.805242 8.519443 -2.256418 2.013759 -0.617742 6.263663 7.559491 4.201400 -9.155154 4.929590 1.364671 3.857260 2.721134 -7.181912 -8.437392 -8.763859 -0.537305 -6.242195 2.743867 4.525729 7.533436 7.723503 4.496462 7.293790 3.782064 6.818178 0.843012 -3.833098 -9.008496 -1.233642 -9.521804 -9.545181 0.464363 -5.142200 -1.982782 -5.702726 -7.329991 -1.202989 -0.148682 7.486006 7.078204 -1.067301 4.877155 7.946292 -3.527137 4.953913 -1.411198 3.533704 5.841200 -5.882356
7.789018 -1.088148 7.090277 9.758235 8.358425 -9.386621 9.922769 0.513777 8.541835 7.858207 3.127904 -8.490826 -5.046565 -9.593689 -5.811137 4.421629 2.506514 1.817923 -8.443602 -0.913935 1.559846 -4.580198 5.429409 2.469976 -8.400471 -4.074718 -2.688524 3.931289 -1.961037 -4.146425 -6.290673 9.615483 -1.811485 -6.666395 -0.104442 2.545617 7.137251 5.520597 -5.305072 -3.194540 4.474594 8.248091 8.043657 -4.427712 7.554736 0.357008 -9.561082 0.252135 5.008424 4.174619 -6.410743 1.032054 -9.461686 -2.971632 7.699070 -9.777110 -3.794107 7.256818 -4.199282 -1.400873 1.002131 -4.650948 1.691422 -7.369088 -6.848518 7.305756 7.822488 4.736747 -4.654479 -3.871286 7.826549 7.418093 0.854311 4.501319 -9.087136 -3.823385 0.872676 0.667169 7.325177 4.275303 -2.608711 -6.083879 1.440007 5.280501 1.936346 -7.226778 -5.410689 3.653001 4.277413 9.076475 1.510190 9.265999 -9.114258 3.613234 3.314200 -7.875170 5.988189 -2.588909 -6.478516 2.180274
-8.619078 -7.883323 2.980604 -6.109859 0.494715 8.214684 8.619115 4.498335 3.398555 -8.707259 -7.941137 -7.736247 -1.539903 -4.242453 -9.469088 0.049941 -2.251065 1.897089 -7.793956 4.855654 5.641279 6.273957 8.981496 -7.644646 1.189179 3.843457 -9.046495 6.991809 6.695458 4.129950 2.856259 6.479370 -3.121111 5.437407 0.621066 -5.681400 7.622905 3.090349 3.928148 -0.224595 0.090821 9.441194 5.419632 4.063403 -9.828614 -3.064242 -5.536457 4.579082 9.662956 2.115153 -1.607026 -8.243707 2.418875 7.059942 -8.380945 8.048618 5.596923 3.108239 -9.426632 7.134862 7.931971 -7.184965 5.450887 -9.284928 -4.443452 4.721020 8.835813 -5.223039 -4.655293 6.761230 -5.949900 0.364133 9.669509 0.388714 0.193073 1.842280 3.837368 -8.187734 -7.817613 1.940059 -9.223644 8.828517 2.384327 -5.147364 -1.558986 -3.286397 -6.878388 -8.014640 7.398656 -2.643831 2.430575 -0.176091 2.997493 -1.855838 -9.366133 -8.242925 0.006240 -1.978631 -8.974024 9.988472
4.651408 -2.433956 8.573460 -7.456111 7.714089 -2.702662 -2.602666 -2.517993 -0.320735 0.318276 2.999266 7.264396 -2.038541 1.548623 -6.344235 -3.742996 -8.763369 -9.707725 1.473297 4.757449 -1.482314 -3.748034 -3.458776 5.945243 -2.415187 4.631110 -0.475966 -3.287590 3.949327 0.660644 -5.540108 -9.787205 6.435150 0.874168 -8.105622 2.334540 -8.997474 6.116772 -5.443255 -0.187081 -6.515787 6.675269 -3.637894 -3.136059 -6.985167 3.548481 -6.949385 -6.261655 2.364947 -1.387057 -7.969926 -5.214204 8.836244 5.509957 -7.151528 6.125114 0.372536 -7.837061 5.441914 -1.554238 7.958106 2.051338 -9.098531 -2.677177 6.355582 8.020212 -8.721308 9.469159 7.778415 -3.259323 -3.778464 -6.283338 -5.692941 3.705515 0.020097 -3.991082 -0.330479 4.590736 -6.917905 7.887478 -9.397311 -6.900049 0.403939 5.150085 -2.214120 -4.851951 -6.714355 9.938099 3.640519 -5.016153 -2.111792 7.735526 0.272068 8.065177 -7.859520 7.764292 3.202806 -7.618891 0.796150 4.107636
8.506734 -8.740071 -5.724384 6.364266 3.280466 -8.700735 -1.361975 -3.202246 7.557834 -2.871376 1.557149 5.970847 2.943386 8.775702 7.782491 -7.783224 -6.360144 3.053223 -9.412804 6.546430 1.414186 3.356432 -3.482782 -3.725064 -1.487503 2.052459 -3.058088 2.884202 5.641665 3.436349 -8.415969 -8.820899 1.226980 -1.522325 8.365640 0.535749 7.310750 -4.149951 -5.936071 -1.795698 -0.123743 1.128411 5.945298 -3.650336 9.004641 -9.027716 -1.628073 -0.432597 -4.508130 -9.679492 6.337544 5.569725 -4.972212 6.988670 8.176705 7.232971 -0.015879 -9.659655 -4.733242 6.837963 2.225153 5.132343 -2.588537 9.143983 -3.916876 -6.974932 3.915451 8.301846 1.976619 1.011354 4.253144 3.888172 -5.435102 -2.020932 3.941102 2.430636 -2.294589 8.422607 9.465980 -5.459482 -4.135142 -7.541094 -9.414973 1.786737 -7.364851 4.931346 6.215249 3.908910 9.328347 -0.187412 6.769298 -3.207800 -0.994067 9.912665 -0.811125 -7.849377 7.226446 -0.666813 -7.446960 -0.199611
4.210457 3.843346 5.722996 -0.378078 3.813448 -0.337855 0.291935 4.636857 1.784379 -6.949214 -0.008874 7.315025 0.608045 3.434748 1.842747 9.569203 -7.850879 -9.043538 -2.224393 -1.181153 -4.931602 -0.074400 5.443481 9.787076 -3.950172 -2.224250 -9.764945 -4.041760 -9.683366 4.717858 -8.207520 6.353535 -9.231118 6.971738 0.389564 5.039156 2.959421 3.088492 4.956911 -8.397084 1.160419 -7.849520 7.004637 -2.539223 -4.118309 -0.676561 -1.317285 -3.069841 -2.640450 -8.318288 -4.771345 2.636753 3.763676 -4.275467 -3.727837 5.278874 1.794132 5.960337 2.647231 -1.256329 -4.752760 2.141621 -7.765128 -4.521609 1.322534 -6.028148 -6.242813 -7.261351 0.897299 7.675458 4.482518 7.623916 -6.066049 1.246857 -5.646812 -3.189252 -7.881620 -6.382628 -3.750768 1.725699 -7.921246 7.484899 -2.553686 -6.504499 -2.127302 -0.600394 -3.717559 -7.347910 8.508638 -2.935440 2.310095 -6.267581 -6.728290 9.351667 3.746872 -9.099827 1.800032 -7.743302 -0.320084 -3.834208
-8.693244 9.526018 -7.222058 -9.334187 1.715789 -6.308950 -9.744239 -7.116749 4.390371 4.373115 -3.491735 -0.757864 5.148094 -9.034387 -5.529773 5.835660 0.479696 -9.470039 -8.993660 -5.023913 6.756320 -7.232362 -8.710357 2.101017 -0.880497 -8.674367 4.195935 8.817128 2.744601 2.049655 4.801909 -7.490015 5.993515 -1.321786 5.657433 3.104533 2.867258 4.360564 6.590252 -8.618164 4.017391 6.762044 8.795613 9.104024 7.608570 9.563045 3.524587 3.102599 9.935160 2.973361 9.985545 -0.711006 5.150327 7.352767 9.399779 -9.691243 -0.965268 -0.707346 9.226599 9.921853 2.639650 8.205212 -7.045669 -4.803987 5.415281 4.029114 -6.420813 4.799155 -2.055925 -3.167804 1.660672 -0.189982 6.460436 6.359343 -6.296281 -6.763584 1.029723 2.294047 4.057312 9.411719 7.238581 7.433374 3.389106 -5.832790 -6.922948 -4.609552 -6.202838 -2.456119 -8.507788 2.432130 7.363567 -9.446362 -8.280342 3.161124 -4.606063 -3.493649 -5.068999 7.231649 2.511177 1.606716
-2.836260 5.038106 3.500399 -8.377174 -4.465330 -7.945764 9.098194 5.626493 9.434570 3.038159 4.900062 3.771452 -8.022172 3.409504 1.205095 9.344246 8.693715 -9.821291 -5.403501 -4.574806 -7.875073 8.606328 -6.880151 9.718885 3.751564 -6.545996 -3.499136 -7.005522 -0.318935 -7.705675 1.255824 7.062009 -0.652999 -7.685679 -6.400233 8.988296 -1.130562 1.910195 6.991729 2.465028 7.787938 3.945011 4.464734 8.846089 -8.078210 -4.654230 4.267666 -9.685846 -7.287138 -9.819710 1.034950 -2.405548 -4.450937 2.626392 2.629929 4.730418 0.090409 0.353186 8.385116 5.393472 -1.340731 9.210155 3.250824 6.463687 8.843191 -5.715814 1.004576 -0.278602 4.354003 8.798479 0.722144 -0.456447 -4.547087 3.100433 -9.674056 4.154678 9.358045 -7.433004 -6.271686 9.686441 -6.512014 -3.860813 -8.968184 6.269272 8.293814 3.849678 8.542197 -0.455827 -3.664912 3.516901 9.683515 -5.168900 -4.457539 0.896905 -8.464511 -0.491663 3.936096 -5.624104 -4.738967 -3.402967
-3.047907 -5.950291 6.186374 -9.045898 -3.076330 5.566778 5.077464 8.679831 -5.041006 0.015714 9.658242 -3.312740 9.048589 8.789526 -8.484132 -9.602621 -7.352733 6.336463 -4.982034 0.781669 3.732359 -7.703910 8.626516 4.862021 -6.172162 2.794329 1.819748 -5.921507 -1.856300 -4.990809 -3.056732 6.623642 4.420621 5.332932 -7.059287 -1.211474 -1.460303 -8.239530 -0.236407 -2.051277 5.041257 -4.277603 -4.914509 -9.722902 7.243507 2.421422 -9.379962 -9.175619 -2.967478 1.988832 2.878919 5.555529 1.903748 -0.964498 -0.259934 7.727268 -8.631921 -5.541987 -5.298619 6.502210 -4.835405 3.472717 -5.702027 -5.804750 2.134569 3.974373 1.813201 -7.468805 2.479889 1.206399 -0.794431 0.153775 -3.352975 -7.032791 -6.542213 5.898986 -4.958197 5.521447 2.327109 8.736765 -6.755768 0.400863 7.809582 -6.008958 5.568035 6.873771 5.118084 -4.725398 -3.118189 3.326914 -6.231757 2.860162 6.914460 -4.148396 8.607716 0.800867 7.075172 0.682529 0.519079 -2.430226
9.987718 -6.735049 4.953609 6.926896 4.070882 -3.241961 6.541453 -7.513822 3.016125 8.140296 0.299837 1.217419 -0.348343 0.270800 -3.266084 8.783283 6.080234 -5.396856 8.646130 3.099380 0.458690 -0.887183 2.954236 4.699241 9.786274 1.265259 -3.869115 -9.659873 -7.345029 4.590603 1.883325 1.468855 3.198038 -1.238592 8.155934 -1.339386 8.250208 8.186728 4.142223 5.915229 -6.955718 -2.337166 -4.920633 -2.815316 2.718427 -9.703415 8.421594 2.257903 -3.358833 4.031982 -0.270188 -3.323699 8.822509 6.552790 -3.265355 -0.755273 4.350476 4.029184 3.015564 -9.713407 -2.962091 5.038062 4.282819 -0.377248 6.429424 5.186916 -1.202791 1.137106 9.568251 -5.551691 4.500167 -9.968158 1.078817 2.450659 -9.602924 -1.082561 6.848599 -1.785638 -6.599439 7.068467 8.596069 9.141321 -1.622284 9.688449 -2.212429 -6.713681 -9.745880 -3.502166 -8.157392 3.651531 5.362865 5.489602 -6.935266 -3.435591 9.076950 1.426143 4.999034 0.509257 2.395014 -3.129313
-5.635835 7.416423 -6.136133 -8.680208 1.070485 3.830483 7.766876 -0.983705 9.695004 -2.055129 -9.066618 8.059515 1.983227 0.649066 -6.565721 -7.461801 9.272024 1.912252 -0.113211 4.772519 -1.260448 -8.095994 -0.801062 -1.853102 -5.269598 4.647823 -5.117066 -6.441181 -8.064017 -9.355702 -7.255443 -8.114995 5.907657 -8.166233 8.339495 -8.787683 4.677099 -8.069870 -4.156807 -5.670740 -9.669620 0.195715 -4.769672 -2.495461 -7.884617 -8.983634 2.482372 -4.193298 7.661782 -4.925328 -3.176858 -1.058053 6.802737 -1.931554 -6.727184 8.995133 6.436099 -5.745979 -0.254499 2.350189 -9.839139 4.776132 -0.205611 7.097077 -7.254996 5.255587 8.605979 -9.818266 -5.671290 1.978396 2.661694 3.472652 -8.808906 5.829815 -4.729571 -3.244788 6.330338 3.248895 2.471157 5.883441 -8.290399 -0.467776 2.261538 -8.611410 2.904455 0.408152 -8.173432 -7.472076 6.097678 9.159226 -7.611085 -0.567776 1.265313 -0.097973 -4.077425 8.193833 7.226892 -9.471265 4.079149 -7.410002
-5.180316 -8.088327 -8.326752 -8.783103 -3.357303 1.143615 9.920741 -7.863299 -9.375549 -7.769142 1.062046 3.305220 5.598908 9.230056 -2.118169 -0.841772 -4.594456 -7.989547 0.900869 9.993634 -5.179229 -8.589919 2.128421 4.329998 -4.019216 4.347528 -2.801979 2.877255 0.634477 4.457650 -5.680876 6.918850 2.343790 -9.752475 -2.164897 -5.911910 4.746446 2.515733 3.302296 -3.595943 0.386847 8.218852 8.584111 -7.578935 -1.396754 9.293516 7.859347 -9.513353 7.443970 -7.925864 5.220267 4.476883 -9.675599 8.848847 6.385309 9.208752 -7.279453 6.890470 -7.369916 -6.819688 -2.084893 -0.975390 -4.327692 3.976220 -2.518761 8.280517 0.499055 -8.360567 -0.576694 -7.847401 -3.889941 5.021139 3.997047 0.346823 -7.077321 -8.282033 -6.872759 -0.959757 -5.475292 -9.803630 -0.287050 -6.187496 -6.001038 1.770702 -2.829588 4.768032 4.252351 -8.209085 0.170000 2.825037 -5.570745 5.146787 -6.415339 0.759773 7.882469 -1.784769 -2.018550 -6.598320 -3.049465 1.243102
-5.183448 3.437674 -6.809277 -5.877312 -0.932399 -5.546571 -5.123127 1.918952 9.767812 -6.370919 1.362233 4.504522 -3.820716 -6.731929 7.595203 2.193005 1.917320 2.653642 6.624339 9.767419 5.652856 9.902664 3.718926 -3.057394 4.424760 6.024718 0.785689 0.298500 4.356020 -6.007138 8.576348 -3.044763 -7.356429 1.867969 -9.038958 8.188657 5.879205 -2.491134 6.370522 -3.438987 4.679680 -7.637313 3.667123 -1.109578 1.617802 -8.873632 -0.965943 -7.701825 -9.500656 0.797022 -3.183367 4.898236 5.285456 5.800763 1.536901 -3.865998 -9.234902 8.878236 -8.088856 7.878712 -8.218450 -6.089985 -1.550918 -3.847336 -8.472497 1.062041 6.986076 8.406559 -0.385775 -9.509751 -2.366335 4.067742 -7.543885 -0.394065 -2.721183 -1.668411 2.792869 -9.763224 4.130705 9.055599 8.843725 2.088568 -2.270259 4.652294 -3.442765 0.604175 -3.700960 5.690714 -2.184027 -7.444377 -8.712950 9.235983 -5.021895 3.034439 9.702887 0.091728 -4.439637 3.821264 6.117459 -5.170076
-6.759691 1.011722 6.330585 -9.381824 8.936104 -0.806638 1.448444 2.750127 -7.246716 7.509671 -3.545737 -7.550864 -1.146333 0.508446 5.162642 2.005959 4.775359 4.211486 -7.390800 1.808808 -9.271087 -3.190110 4.070125 9.375468 2.756066 2.656792 4.164555 3.897194 -0.296189 8.734639 -5.404995 -7.013602 5.285406 5.704722 1.687618 -1.040019 -2.628144 -2.050228 -0.381037 9.525116 -4.979772 2.043596 -8.979518 0.600808 -5.872339 6.787717 1.361772 -6.561615 -6.992715 6.991620 -0.077823 -3.220532 -8.150232 -5.239419 9.698587 -8.652758 7.869988 -1.156996 6.771736 -8.397180 -3.524517 3.572829 -1.611016 9.052837 7.177509 9.979293 -5.597032 -8.646025 -9.229298 -5.856161 -7.852140 7.025930 9.864366 9.808459 -3.454893 6.125466 -9.229250 -1.215860 6.942205 -1.537279 9.251774 0.179743 -1.454238 9.859142 -5.044738 8.391922 7.513076 -9.356407 9.904063 0.384703 2.839435 4.190360 2.481304 -0.312514 6.662583 4.320657 8.740169 -5.414900 0.879616 7.866455
3.377249 -6.967702 -3.407723 -8.609834 0.581832 -6.127754 -5.512085 -3.508634 9.660665 -8.164733 4.254209 8.982330 9.775006 -4.894302 4.799318 8.485243 -1.693158 -6.397162 -1.296187 -3.861922 5.930613 -6.002356 9.709640 2.172932 -5.973524 -3.425758 6.824086 3.235253 0.830856 -4.153933 -0.920294 8.219751 -9.543177 -5.836163 7.825133 4.988850 2.083521 -3.099518 -1.212505 4.692176 2.542158 -3.575837 3.831953 -8.690483 9.256225 6.986748 1.237745 4.149274 4.037574 4.636879 7.268062 -4.346724 -5.451758 -6.918550 6.384590 -1.784067 8.973406 7.630819 6.013357 -1.894349 7.096495 -0.712311 -4.088230 1.889536 8.007495 8.501626 -5.783982 -2.285773 -9.152303 2.670369 -1.902872 1.935567 1.764094 -1.966665 -3.787617 0.662790 2.877823 5.910805 8.359984 4.949071 -3.002977 -7.887977 -7.338342 8.126363 2.188870 9.255752 -1.400849 9.433315 -9.020042 5.551769 1.015596 8.069224 5.943167 4.328715 0.089777 -7.414147 2.297348 3.988216 -6.764637 4.480503
2.786011 7.093827 -4.608599 -5.274993 9.441945 -9.634145 9.563706 8.808217 5.983102 -1.532612 6.640329 1.771551 7.292475 -0.409755 5.397675 0.051751 7.985329 -9.950769 3.418414 2.910320 -6.025940 -6.485920 0.300264 -2.633338 -4.409020 9.577674 -6.673135 -7.703242 -2.854997 7.930633 -0.383974 -9.787095 4.396808 9.017865 -0.458244 -3.861737 1.483664 -0.820328 -6.035221 -2.208786 -9.864484 -4.498682 -9.764937 -2.001495 8.607500 8.449244 -2.013274 -4.428580 8.305831 -6.243619 -8.061973 -5.911908 -1.425434 2.844293 -6.537648 -6.898736 -0.579292 0.611888 2.804401 -3.657135 7.520820 1.544322 -1.706616 -6.726028 -6.696275 -1.515159 -7.298152 -1.518890 -5.890659 -8.115893 7.896886 -4.019265 -0.415594 7.594344 5.181774 2.294870 -6.997657 0.988646 9.110142 -7.868832 2.651195 7.519636 3.604283 -6.392909 -9.668530 7.955672 -7.769629 7.303886 -9.193412 -8.956244 2.639254 -7.978241 1.295364 -3.666764 5.869325 8.580947 8.008951 1.939377 -2.814310 5.675161
-6.150638 4.505622 -8.989419 3.046220 0.407406 2.724043 -2.587392 1.255711 -9.562176 6.414591 -7.991329 4.876247 4.705697 2.371453 8.542495 -4.644185 3.852109 -7.294792 0.385196 0.353785 -9.586377 -8.173626 -3.279589 -3.188415 7.924736 -6.031428 -0.603524 -4.480797 -3.086455 -1.175210 7.671469 5.058715 6.701978 -8.910806 -7.619716 -3.334548 3.439721 -0.692971 4.863055 1.757767 -2.800118 4.307824 8.125464 -5.330965 9.518736 -5.590770 -4.473350 2.349863 6.364739 -7.805595 -5.544957 -2.046418 6.249196 4.657362 6.324355 -2.152898 7.371969 0.295843 7.280380 -0.256797 -0.896400 1.319072 4.746168 6.620839 -9.064978 0.695607 0.739342 9.713754 5.505174 7.173639 8.192899 -8.270065 -5.686425 1.014738 1.139293 7.476510 -9.051338 4.595246 -5.486069 3.258128 -0.790897 -0.432284 6.757379 8.091905 4.473004 0.604935 1.661083 -8.380428 -3.959100 1.830708 -5.455732 -6.349541 -3.047505 -0.915849 -3.000144 3.019693 7.728757 2.707140 5.045524 -6.675645
-5.166982 -0.694604 9.210785 9.777634 -1.246985 -8.342142 2.931985 -3.746304 5.969794 4.916562 5.120489 -3.682181 -3.287156 2.548953 -0.683663 4.954131 -3.819787 3.642261 2.517020 2.913454 -3.929969 8.223595 9.348233 -0.671820 1.248265 -1.909096 -1.177598 -8.339568 -8.506018 0.494674 6.849728 -4.113497 2.157507 -3.934653 -4.646506 7.184611 6.738591 6.186630 -5.428071 6.930031 -9.502067 -9.924688 0.252176 -7.098969 2.183256 -1.304446 3.776366 -2.634030 -6.074510 3.724584 3.357742 -7.937236 -2.192211 -2.673701 3.788947 0.482746 2.387711 -1.191703 0.356344 -8.070886 8.732948 6.206429 -8.076972 -1.842765 9.508939 -8.492325 -1.288042 6.321073 -2.857024 -4.217557 -5.607226 9.590999 -4.361983 4.639858 5.700962 -4.656344 -7.341356 3.644026 -6.828294 -2.246066 -6.272773 3.145405 -9.034975 -8.527356 -6.289499 0.770243 -8.057701 -9.762148 -8.823736 9.524137 -7.247963 -9.468494 6.252577 3.064588 1.906823 4.910881 -8.735936 -6.389547 -5.986738 8.956546
8.503403 -2.533210 5.963934 -1.698296 1.328646 -9.330279 2.839305 9.921568 2.594796 -2.619580 4.701648 4.612384 8.269104 -8.335712 3.069534 0.484234 1.594741 8.895911 -3.339055 0.502576 -4.358362 -5.543413 9.261201 0.563609 -6.863737 -5.495824 2.796411 -5.484180 8.503716 -9.937261 7.306447 1.362051 -6.439750 1.085502 9.401914 1.925359 -2.134368 -4.335802 -6.794091 2.116863 8.458268 7.439703 -1.686763 6.186781 -7.216887 9.099946 -8.080052 1.707987 7.941100 -1.582105 4.711413 -2.976901 -1.155381 3.088989 3.433104 -3.776458 -2.015481 -3.093191 -2.260694 7.401544 -5.289967 2.126124 2.258133 4.259581 5.718001 9.101047 -6.837782 -2.413543 -0.896100 4.858675 7.828745 -5.893779 0.063215 6.757408 8.282317 -7.860241 4.439507 3.025568 -9.160257 -3.811440 -3.449287 2.547955 1.899606 2.699738 -7.849498 -8.054420 3.878859 8.268619 -5.266905 -7.416720 -6.595933 -7.375922 1.126346 -9.351813 4.030701 7.936873 0.253119 -3.877377 -7.326883 -6.208797
4.337350 1.822860 4.583677 -3.820171 -1.238431 -8.728476 -7.248340 6.576657 -0.023335 0.940217 4.407824 -0.356184 5.502717 5.551688 3.739594 -7.684450 2.112071 -8.049351 -6.188834 -4.745267 6.875443 -0.608363 -3.429897 6.704296 9.308949 9.553796 5.805412 8.437834 3.709310 7.582162 8.454709 2.612959 -2.501888 3.462175 -7.479525 9.781564 -7.680666 8.474727 -3.636945 -0.744148 -8.536048 1.517269 -2.779903 -7.609284 -1.322506 9.458984 -4.071091 -3.055096 9.384679 8.023002 8.979618 -1.578854 -2.446629 0.046657 -9.333034 -4.991919 7.519208 -8.592106 -6.974579 -8.648757 -1.299020 -2.918699 4.362154 1.940178 -0.758841 8.685932 -5.196581 3.022153 9.159936 2.091074 -6.669243 3.596206 -6.774723 -3.977061 7.625060 -0.076356 -8.159463 -4.877922 -4.351608 4.712497 -4.199560 2.564061 6.033636 -0.265261 2.747623 6.182904 4.353471 4.866196 -5.604754 1.677153 2.574972 -2.264542 4.476709 5.645665 -2.331927 9.413155 9.260121 0.965601 2.005738 7.129567
-1.108649 -8.012430 9.731089 -9.770089 4.187347 9.324748 7.484873 -2.988132 -8.110319 -3.507604 8.480080 -9.521503 -6.787965 1.918244 5.034691 3.390161 9.248922 4.906521 6.173898 -9.306217 -5.314356 -4.454740 -4.865957 0.832310 -0.268896 -4.630888 3.638100 -6.030525 8.944072 -5.464464 7.928090 1.220818 -8.910164 3.819380 -9.523066 0.371344 -9.614585 3.454012 -1.060950 2.548156 -3.187562 7.064289 1.059112 -2.460858 0.508366 3.022771 -8.886741 1.886699 2.219741 -3.228338 -8.278278 4.737974 1.175819 -3.006396 8.727647 3.019276 6.833397 -6.406733 -8.389247 5.796540 1.873534 -8.932739 4.790146 -1.145440 6.125150 9.470477 5.284280 6.781049 1.527467 -5.290920 4.344433 7.498957 9.559299 2.303648 6.528867 -8.769108 6.551566 -0.456468 -3.484220 0.780395 -0.928870 -6.014379 -6.757818 8.420775 1.197783 2.831714 -6.180121 -5.450366 -2.641740 4.842585 -1.068470 -0.935367 -1.771410 -9.892870 6.057051 -0.314553 -8.498468 -4.699973 2.913972 -6.414010
-3.167745 9.888085 0.334070 4.192389 -2.386725 -0.201032 -6.455004 -9.726996 6.866760 -0.448565 -5.627387 -7.956457 7.219982 -2.978611 5.861849 -6.210554 7.497952 6.624327 -3.037471 1.668469 5.312728 -3.899061 0.640617 -1.291181 -2.001555 -9.963106 3.046353 -7.978278 -6.454267 4.538916 -1.315095 -7.030824 7.090947 7.526634 -3.088204 -1.062964 -6.131882 -0.093861 -0.159461 -3.349939 8.198419 1.763744 -6.350099 -3.929158 0.793745 5.994239 -9.449488 -8.742014 -6.855163 1.849759 9.253678 -9.936818 1.869024 -0.138801 1.551502 -6.851617 -5.591671 1.706677 -6.471349 7.815894 0.851262 9.344645 -9.933008 -0.487231 7.028430 -0.909511 -6.652611 -6.565778 -7.944882 -1.032791 6.740759 2.721850 -5.562385 3.448213 7.128556 7.848034 1.263445 2.070142 -7.048962 -9.708144 4.029357 1.767853 -7.907569 -2.748939 3.544551 3.355926 -1.125680 -7.481694 7.797130 3.928880 -8.138485 -1.423275 -9.476849 -9.387748 5.353022 8.161396 1.631724 0.292855 4.098508 -9.348267
-0.382748 4.066579 3.477594 7.526226 6.809899 3.523217 4.070295 5.815664 -2.018196 -7.998466 -4.278149 -6.750556 -3.568716 -8.852052 -7.974129 2.792601 -4.718041 3.637650 -1.452011 -3.378518 8.960829 7.552046 4.783739 -6.164311 -2.788546 -7.129942 2.864925 -4.877976 -6.512901 -0.319413 -0.891724 0.773518 4.884968 4.237194 -1.921267 -8.675926 -0.096242 4.328624 -1.511122 -1.501974 2.715056 8.895232 -9.096964 0.709004 1.183721 -6.863989 6.896145 8.664360 -0.615623 8.638996 0.620578 -4.496483 2.687524 -8.539257 -6.691819 4.523238 1.806332 8.617621 9.613076 -4.385635 -0.048694 4.046677 -1.469497 -9.889754 -3.913860 8.654069 -2.047060 7.193520 -7.007382 0.126268 -6.951116 -3.998479 2.012394 -8.518926 8.505331 -1.287518 -5.536447 3.329539 -7.126441 8.528570 -2.189811 -9.928754 4.913154 -1.120713 6.390468 -6.859255 -4.402482 -0.601076 -1.401836 -8.153729 -1.721328 -1.511741 -2.438709 5.387117 -5.884940 2.231376 3.439671 7.788963 3.591789 -4.270971
9.374819 9.812723 -9.193224 -1.826220 -7.359850 -1.023859 8.743550 -0.256259 9.517057 -2.146031 3.816954 0.955889 -3.314154 -7.275525 5.594927 9.603352 -6.825359 -5.591777 -2.316657 8.460122 -0.257582 -6.156528 -0.415921 4.281434 -1.830427 0.054853 -7.679651 -1.120743 4.230152 -1.441652 3.144104 -9.633682 -8.434914 1.462935 -8.232562 7.793919 -8.946945 -2.563296 9.151256 -6.376548 -9.139476 -5.336436 -2.308126 -4.979194 4.594509 -8.322185 -5.130547 -3.495689 4.775845 -2.811869 -9.667624 -7.952116 -0.871168 8.525872 8.617793 -9.707248 -4.308692 -4.972642 0.383213 5.269039 0.872053 5.792970 0.905872 4.638296 6.306447 8.466583 -6.899417 8.001658 1.892646 0.834055 8.840675 0.933731 -8.788992 1.648293 -8.598189 -4.054652 3.640814 8.840290 2.252210 5.779077 -2.847686 1.362382 -3.644152 -4.946386 6.045425 -1.529774 9.427457 0.992985 -0.920208 8.726183 4.779869 -4.449768 8.479809 -7.432181 0.321606 -2.053366 -9.835123 6.409199 8.470585 -5.887221
-0.345359 6.876932 -4.346664 3.836629 -9.876422 -4.872594 8.804358 -4.791594 0.708804 -6.038951 2.438623 3.298503 -8.148449 2.193701 -3.961993 -4.316532 -1.049022 1.782675 9.053930 7.063190 5.679981 0.114516 -1.735757 5.037824 3.893867 0.723145 8.359725 -5.316502 -3.070977 -8.950077 9.667600 -5.330972 -7.350066 5.639733 2.831921 -8.305485 -6.379591 -1.561040 -3.521988 -4.090672 -2.355794 -1.307548 -8.971849 -1.295363 -3.106869 -0.235566 9.509162 5.849296 6.077078 0.566181 3.437396 -2.212814 9.992026 -7.117841 -5.433861 4.695870 -3.282549 6.044713 -6.986987 -4.134773 -6.628762 -6.165641 -4.776970 1.092389 9.339997 -7.745217 -6.222035 -3.242514 -9.565757 -8.145107 5.847298 2.774381 -3.000291 -3.524346 2.576261 7.675556 -8.882080 2.254303 7.182246 -1.696191 0.574543 -3.114177 1.831111 1.484763 0.765770 2.847209 1.220684 6.316051 4.312272 -3.285397 -1.184684 -0.718718 -8.708908 9.837523 -9.275784 -8.249091 -7.129408 2.828977 -7.533909 1.869482
-0.490431 -3.022432 9.680794 7.230556 3.458139 -3.504800 8.503040 3.402294 1.816743 3.218915 -0.625606 -0.474404 -3.516316 -2.132594 0.737965 0.484839 -7.881712 -5.475554 7.096950 -3.583202 -6.353198 -3.044818 -5.159478 9.125111 0.697286 2.220900 2.358706 1.438400 -2.836738 2.652024 9.112165 4.485444 -0.521174 1.563464 -9.373580 -2.164578 5.738817 -2.284482 6.894043 -9.601427 9.505252 -9.095650 -5.611391 9.216568 -9.094933 -6.462426 -4.098687 -8.196554 3.188874 -1.861869 8.361335 3.330403 -1.159944 1.687057 7.909546 8.987042 -1.958144 4.426531 9.282133 -5.156984 5.255131 2.256452 9.282749 6.012884 1.475102 -0.864400 -6.155245 3.543741 0.674640 6.451780 -1.779032 2.503702 8.670841 -4.904279 -1.029871 -4.230118 5.025038 2.378969 3.010370 8.209869 3.139579 4.250029 0.967662 -6.058340 -3.617341 0.377751 -7.593442 -7.920548 -6.323128 3.755859 4.344837 3.325945 2.143585 7.353851 -9.323382 -5.880189 -1.610926 6.164648 3.025909 4.156275
-9.371627 8.934702 -2.665935 1.830989 1.805320 -6.712726 -1.421234 6.391396 2.850424 -8.551701 9.874633 -3.188993 -7.279109 -3.751081 -5.389464 -1.329970 4.252487 -4.810584 8.933114 9.298100 3.403045 5.497693 8.275517 0.069806 2.757112 -3.141636 1.839291 4.661981 3.286372 -7.447478 8.805496 -8.388776 -2.912014 4.249490 -7.871978 -3.062852 0.357313 7.874148 9.463859 -9.065994 9.886221 -2.685251 -2.321771 4.318498 -7.574617 0.452115 4.885751 -6.552236 1.804129 -1.594224 -9.326769 -0.810426 5.945287 7.953829 -8.038673 -4.432491 -3.017450 -2.485778 -9.995109 9.900913 1.540767 4.223159 0.608304 2.678542 0.899572 0.071981 1.574479 5.622267 -8.140652 -3.428222 -1.453849 -6.971258 7.499581 4.489178 3.266195 -3.893111 -6.307123 -0.425220 -9.038261 -0.504501 3.137887 -7.589785 -4.605377 -3.872836 5.460913 -5.618811 1.278192 5.106215 -4.549845 6.315258 0.225631 -4.231592 -2.822258 4.430590 -7.285843 7.015207 -7.779875 -2.786952 1.790952 9.711950
-6.591734 -0.726171 -1.213170 -3.619104 6.844326 -4.055062 -2.627657 5.715415 -6.101666 2.460643 -1.696266 -1.845219 0.750704 -2.820544 -7.700047 -8.149786 0.752127 -2.918647 2.435857 4.558568 -3.360004 4.605121 -5.980498 -0.229750 5.197277 8.169080 -7.935136 3.814198 -7.297580 9.900675 -3.215550 -6.232616 0.074006 -2.653582 -2.412181 7.410750 6.527281 6.967005 -7.233369 7.247266 2.072203 3.935853 -6.106324 2.127129 6.491669 -9.025295 -1.432249 7.447967 -4.157939 -0.967410 5.234400 -1.622442 -2.726194 5.715912 1.037541 -2.657966 4.239960 0.511491 2.428824 7.348261 -5.115274 -0.605734 9.741988 -1.234996 -4.238306 9.590842 1.285421 -5.438823 8.726906 7.132569 -2.554740 2.545407 4.643177 -1.938787 4.120536 5.577109 7.447028 -5.921120 3.299523 6.540573 -0.968389 -7.709505 -3.430690 -3.299397 4.569078 8.988303 -6.029554 6.014531 4.715916 0.530633 3.804408 -4.210612 1.324923 3.121146 -5.970247 1.121332 -4.901475 -2.649136 3.113911 -6.689530
-3.519680 -5.451539 3.521840 -8.671070 7.998059 7.661098 7.095124 -2.184429 -1.105072 -5.964675 8.524417 7.098761 -6.189681 3.733373 -0.649205 1.769691 7.171372 7.182493 1.065890 -6.553235 2.761736 8.800955 -8.777631 3.949366 -5.887607 -7.676334 -1.859268 4.571020 1.439385 -2.075897 4.940336 -3.001051 9.199578 -1.104608 6.036071 -8.526774 -1.615475 2.721634 1.502175 -9.406374 -9.798489 0.691193 -8.749712 7.395213 5.832942 -4.803098 3.654683 5.317385 8.986190 0.150479 -0.441393 -8.606322 -6.356509 5.429168 8.805097 3.952655 -6.174820 4.528060 2.239504 -7.279483 2.276370 -6.126098 -8.031336 -5.858211 0.271891 2.547732 -4.626225 2.929183 -9.666167 -4.008320 0.713883 1.272654 -4.414105 -5.145951 -7.837272 7.911940 -2.475910 -5.842271 2.515301 0.757959 -4.177351 7.986758 2.934165 8.258537 8.252024 0.895851 0.257066 4.553327 5.910910 -9.166447 -3.200433 3.357058 3.280301 -5.350568 0.300959 -6.498290 -3.645177 8.770265 -3.499984 3.177699
6.876494 -5.818690 -3.258808 3.671459 5.734793 -9.608027 -4.604651 8.656530 8.024695 0.757089 8.829297 1.085758 6.467749 0.877633 -8.027810 -4.942330 9.098859 5.252004 9.780865 -9.104364 -5.674312 -0.023764 -9.363053 4.997665 8.517609 -3.622588 -9.158440 -8.171550 3.308346 0.568670 -2.055376 5.818606 8.507016 6.907504 0.387820 7.983233 7.947063 0.220501 -0.032629 -2.148832 -8.088500 -9.717469 -2.556575 2.502709 -0.904782 -4.703776 2.416871 8.736360 -7.235534 -5.804871 3.986859 -7.528576 -3.886343 1.411109 6.493781 -0.262205 6.119958 5.979184 1.245736 -2.492730 0.676546 5.107663 -7.525672 4.831451 -3.878795 -8.333180 7.763168 -3.718383 -3.260391 9.577933 -4.638638 -7.794493 4.608389 -5.142481 4.878928 6.859628 5.751413 2.326551 -6.700820 8.228816 1.874501 6.315301 -1.855837 5.392251 -5.689200 -6.098817 4.103694 5.116512 -1.404125 -1.905255 -7.252338 3.726542 2.870713 -0.964088 -9.906644 -6.012834 -9.247685 2.838135 5.426478 -2.920409
7.210459 3.595485 1.661754 5.071952 5.727240 -4.820787 -9.099076 -3.525865 -6.805812 -9.301026 5.953467 -9.514198 0.201169 0.887482 1.840452 -6.706966 -3.412886 8.204021 -2.188936 6.796112 2.655007 -6.419944 7.285398 9.525905 7.561562 -4.021094 1.489710 -7.123701 2.670826 8.283119 -5.884765 -1.081847 -6.532156 -4.448743 9.981707 -2.791764 9.890677 3.442616 9.064645 -3.864971 -6.029824 -5.619956 -5.079062 9.688262 -7.566466 3.249405 6.788266 6.247539 3.386998 2.920638 -1.708187 0.671796 -6.150673 -1.803913 -8.936192 -2.308886 2.618520 -4.990803 5.787857 -3.033199 7.196799 9.002667 2.305033 -5.647022 0.440430 7.703887 -8.542966 0.252202 3.961715 -9.434878 4.985068 6.639525 1.557480 1.989909 -5.932960 9.079373 -2.964404 -0.280410 8.098973 -2.062600 7.740417 -5.108115 2.997167 9.268882 5.488226 -8.942888 7.886843 0.826456 9.050332 9.697637 -7.728145 0.811174 3.081197 -3.502945 6.514366 -7.476422 3.141687 4.833816 6.402783 -2.723668
-4.482866 9.992477 -9.254900 6.459318 6.454907 -4.484325 6.596035 4.436891 2.224011 2.912782 -0.323953 0.112296 8.493529 -4.237911 -7.982010 -3.398858 0.403044 -1.252729 6.592600 -1.453771 -1.217653 -8.360853 -7.875723 -4.617988 1.041862 5.186658 5.102817 -3.988365 -0.110140 5.398493 7.966625 -6.977495 0.340630 -7.994542 2.419720 7.318180 0.604543 -7.875067 5.919489 1.516221 5.634814 -5.747257 -7.546205 -3.669301 -3.711069 -4.709003 5.399763 -4.945811 -0.287794 6.055638 6.226458 4.255745 -1.405851 -5.209227 6.766322 2.299456 -3.141061 7.877722 -1.223516 -1.855161 3.573330 -9.701169 2.560192 8.619933 7.692650 3.026680 2.078763 6.870051 1.998378 6.382437 -5.789743 5.183055 0.911727 -6.554267 -8.766577 7.080989 -4.255207 -1.205829 -0.867338 -5.068433 2.583571 2.330004 5.739935 -3.839085 7.886580 3.154740 -0.811230 3.112361 -0.666717 -9.086021 -0.203749 7.000488 -9.187145 0.578570 0.673893 4.331151 -1.236432 -3.953550 2.192635 0.917216
-4.341930 -3.389134 -5.105417 -6.084168 -9.860290 -9.609158 5.417455 -2.919683 3.813497 4.470625 5.061318 -0.370181 -9.292228 -5.312031 4.462588 -3.175377 -1.104039 0.304180 8.931895 8.087874 4.839193 -8.716209 -1.716265 9.963999 0.806899 -5.181009 -3.938202 4.223938 -2.322940 -7.506414 -8.639162 -3.995147 2.194042 2.601487 -5.832392 -7.766493 -3.142625 -4.845334 6.350092 -8.039870 9.336758 -0.623811 6.829811 4.113577 5.989088 -5.731874 -3.876190 -8.444244 8.754296 6.679225 -5.420144 -3.122808 -3.395778 -8.761776 -2.818228 1.301420 8.900576 -5.390895 -1.584200 0.318133 4.351258 0.023746 -3.637598 -3.073517 -1.320409 -8.883836 -1.341805 9.602998 8.552777 8.122613 1.309206 2.375680 -0.756421 9.028047 2.673247 3.512310 -9.363638 -0.762212 0.933829 7.854574 2.786233 1.911860 9.744286 -4.470818 -9.511285 -8.424191 8.309826 -8.859576 2.373150 -5.077582 1.936927 -3.849649 3.428759 -7.974180 6.388645 -5.124288 -0.964951 0.927184 8.372713 -0.321399
-6.558985 -1.902475 0.866059 -4.093731 -2.309107 5.166469 -4.980618 4.738643 -8.796874 9.786455 -6.922701 9.833997 0.656020 0.613121 4.420203 -4.699931 7.116368 4.936343 -0.095089 -2.014720 -7.319601 -5.421809 -4.709970 -5.959667 2.584957 -1.680990 1.983447 3.044574 -9.514860 4.993162 7.340051 -3.172899 -0.534797 1.231541 -0.288074 -9.489294 2.136375 -4.754587 -5.021849 4.289516 -1.016182 7.147553 -3.415321 4.065877 9.786357 -5.116922 -0.441738 -5.461817 -6.710377 9.339356 -2.749919 9.690471 -7.547105 0.075144 1.845473 8.040559 -2.685541 5.740473 0.771547 5.620729 -6.874259 4.905413 -5.213785 8.147414 -4.895415 -6.584626 6.052354 9.720113 2.862904 3.821726 6.536269 1.708492 5.662395 8.646772 6.690393 4.965895 8.083615 4.250007 -6.577574 3.679564 -1.131290 6.296936 -4.769122 -7.481821 -9.597060 -6.865797 -7.410569 4.018139 -1.962388 0.434102 -8.577957 -2.017775 -0.191284 -1.449927 4.756757 -6.175662 9.085865 9.544860 -9.913823 2.159762
-1.627242 -1.733005 -3.735347 -6.797119 7.103661 4.950422 9.203598 7.007046 -6.445016 -1.668585 -0.004780 9.501701 9.354582 -2.270703 0.298142 -5.028846 -1.066138 -1.941697 -8.019464 -5.824285 -9.006460 -0.974224 -5.945629 7.251093 5.758964 -5.478211 2.806990 -7.903191 6.938999 -1.306962 0.615489 -1.066449 -4.485303 1.439379 -0.736818 2.398725 -2.201453 4.059254 -3.654237 5.476319 4.039994 7.410018 -6.178526 8.828894 -2.064245 5.361054 6.068277 -7.006533 0.529441 3.493648 -9.092713 5.169894 -2.785057 2.218147 -8.704394 -3.064750 9.879315 -0.140274 2.971893 -7.976894 -0.249814 -5.269477 -4.832152 8.080078 8.970954 -8.831131 -6.836674 4.420153 -7.364892 -8.225497 -0.927517 4.959616 -2.329995 -4.200374 -0.043150 -5.464094 -4.386639 0.016184 9.830629 2.944737 -3.626554 -8.092889 1.860534 -7.959567 4.883322 -9.037465 0.778229 0.625482 5.626374 0.784641 -4.762524 6.044338 -2.866743 -0.011216 0.476613 -4.261264 -2.265484 -8.648907 6.226441 6.514687
1.898881 4.470498 -8.531377 -1.538696 9.125242 -8.742319 1.009423 -3.006808 -9.977409 -8.790922 4.436797 1.671056 -4.609289 -8.592310 -1.489966 -9.773099 3.358888 3.294645 -2.838593 0.970701 -9.084039 -7.746841 8.162135 -3.523789 8.617521 -1.401992 9.220074 -1.532474 -4.597498 5.508554 -5.359950 -1.079543 -2.417251 7.687384 -4.658702 -9.295876 5.007756 -9.006908 -9.426556 -0.935111 9.013442 2.034973 -1.117657 -5.278681 -9.422824 -7.848149 9.547056 -2.673177 7.466153 -4.718651 -9.345547 -5.548431 3.267694 5.532140 7.472150 -9.869136 -3.862449 1.536049 6.994988 6.110633 -1.597360 -2.507911 -4.562682 -9.791953 0.747360 5.904914 6.095378 -5.749373 -7.669657 -7.676232 -3.293622 5.479834 8.375734 7.655001 0.917283 2.429158 -3.172625 -1.773011 -0.344945 -2.306042 8.567586 5.134942 4.853637 8.065522 5.032310 3.253722 -2.846066 -9.021523 -5.636266 5.780041 -5.321366 -5.601273 9.912302 -0.878239 4.838815 5.253791 -7.218018 -2.593780 -7.123133 2.134028
-9.091594 8.490957 9.603625 -0.921247 -4.624868 8.261046 -9.223075 9.600641 -3.811370 2.904914 -2.436386 -1.814519 1.211530 8.467440 -6.423472 -6.123862 6.617011 7.564688 -4.873911 8.264409 -6.087574 7.287577 -9.552912 -5.619526 -4.318372 -5.495700 -7.279716 -2.081054 -2.007887 -1.154999 -6.839983 -8.609589 9.911042 -6.262826 8.240226 -7.935053 3.451638 -3.482974 4.896578 -8.625763 3.816487 3.620877 -4.418861 -9.979612 -6.114078 1.527652 -3.531435 -7.471914 -5.669983 -7.520269 2.461828 -0.765845 -2.392219 -1.025791 7.198775 2.276289 -2.817424 1.897363 6.737416 -5.874363 -6.876648 3.618920 -5.926179 -1.689817 0.277380 -6.191279 -9.558205 -8.945121 3.546243 -3.802643 -0.688518 -4.930570 -7.252680 -5.284780 5.613939 1.724405 -7.493457 -3.486153 -7.752053 0.145604 2.935936 -6.157189 -7.034211 3.222277 8.646549 -4.754571 8.748324 3.545686 5.650485 -4.279835 -9.365617 -2.949486 -3.462956 -4.486236 -3.476406 -3.922175 4.834335 5.260304 8.636378 4.481492
-2.700227 -1.811542 -0.567135 6.789802 6.227709 7.178124 -5.662616 7.568010 6.666302 2.523800 -7.086698 -5.550065 -0.376712 5.180365 -9.187804 7.529310 8.420478 -6.866083 -2.149605 2.736777 7.918167 4.922712 -0.109257 5.500313 9.630702 -7.206039 -2.417261 -6.038853 -1.179506 5.433712 -5.729458 -9.547478 7.688500 -9.309592 -9.371048 2.518163 2.503012 -6.908353 -9.940114 7.342872 -5.593739 -0.446697 -8.588555 8.876457 -2.315729 -4.214910 -0.931975 6.418747 0.207578 6.339189 -1.749187 9.400087 0.126473 -3.313003 2.627279 -3.641668 9.202040 -4.119968 -4.587448 -3.608760 6.369516 -4.691479 -5.693661 -1.424232 1.725008 7.577688 5.875460 -4.661808 -5.191070 -4.972839 -2.138764 -7.072535 -9.717878 6.922815 -8.910810 -2.200172 6.359592 -0.181686 -3.386740 0.817522 5.292311 9.123948 -8.506294 1.921906 8.639629 -7.436956 -3.693688 0.502232 4.546621 -9.970791 1.112439 -8.444209 9.803199 8.513108 6.303002 1.596393 -6.923866 7.779361 -4.754392 -4.004184
-2.311740 9.107196 -3.126365 -8.274141 -4.447981 -7.175334 1.591535 5.218801 -7.757108 8.117000 8.271319 9.932743 5.524898 1.173831 -5.487039 5.435130 -4.438826 4.600935 3.622169 -7.638211 -5.079991 7.821779 -8.645613 -4.345563 8.873934 -1.582909 7.122668 6.075820 -0.733807 -4.953257 -6.394205 5.535303 -5.455117 4.007341 1.063928 5.927436 2.840242 1.398505 1.646037 -2.163765 7.975371 -8.955610 -0.111984 3.486048 -0.025741 2.420590 5.041201 4.071534 -1.122056 3.872600 3.666414 -5.278520 -0.416479 9.633231 -4.187247 6.318711 -7.314150 1.746838 6.178076 -0.189363 -0.539701 9.183577 -4.343473 -9.307476 9.973371 -5.312420 4.160755 4.362357 -4.710559 -6.647658 1.593955 3.994403 -7.778092 5.047926 -9.816267 9.595827 8.329824 -6.194133 -5.434648 -7.042864 6.092553 -2.856406 -2.887939 -9.947637 -0.595363 -6.117372 4.124268 0.807571 1.950207 1.462997 -7.954226 -3.122043 -5.008034 7.381216 2.287801 -5.021063 6.935723 -4.563685 6.106862 1.573499
-9.914693 -2.305291 7.793925 -3.838015 -9.471237 -4.443252 0.880370 -0.938032 0.562060 -2.933128 -7.233416 7.187826 8.400106 -0.586905 8.705451 -6.373779 5.030050 -9.705977 1.473178 5.635294 2.182599 -9.376182 5.235749 1.828399 2.619632 -9.603678 8.736423 -7.067708 5.881353 8.670690 -6.444699 8.191219 9.617500 -2.296107 7.489043 5.009481 -1.052314 -9.206125 -7.456337 -1.373597 -4.150323 -8.483066 3.311861 8.502776 2.383106 4.129066 -5.249959 -4.607859 -8.030640 -4.239972 8.500493 -7.465295 -5.622194 0.324576 -3.013246 3.036633 -8.801509 -3.226948 5.492298 -8.298787 4.850076 3.229831 3.612207 6.907837 0.668215 3.676898 -3.469090 8.988773 -5.954378 1.308689 2.981246 -0.452778 -6.565067 -7.772045 -8.807772 9.469489 9.365711 3.442421 -2.208172 0.388991 3.391130 3.227695 -8.629102 0.493280 3.464585 -7.955996 -5.899566 -9.810867 4.831164 2.395614 -1.702668 -9.638535 -1.031748 -7.371342 -5.563305 4.414343 -7.962050 9.826590 -8.554626 -4.199984
3.990299 8.242759 6.780033 6.915737 -6.231045 5.255382 8.177535 -9.651733 8.095174 2.687345 -6.115578 -5.329345 -8.627981 0.648674 -6.772957 -6.147330 4.480742 6.551219 0.210370 -1.833858 0.368041 0.701741 -3.957404 3.202879 -7.088393 0.708838 -8.266445 -4.044050 -6.270631 -5.383370 3.785352 -3.901155 -2.178918 -1.760996 -8.081262 -4.052264 1.395045 -9.900152 -3.763662 -5.615993 -8.308072 -9.396164 -0.462028 -6.035100 3.250931 -2.422421 -6.972472 -7.930879 4.859262 -7.707527 -4.386124 -9.544516 -6.242416 8.126423 -6.219838 -3.941641 -0.135188 3.257867 9.156824 2.649421 2.956802 6.535642 -4.577557 2.427340 -6.197068 -5.322396 -5.239414 -6.622636 5.001971 4.023550 -0.259843 9.535437 -5.241667 8.753034 -3.587324 5.199272 -6.221158 0.823673 -9.502783 7.490115 2.718330 0.393759 -1.644023 -0.087238 5.138592 3.120060 -8.212943 2.758937 2.689113 -6.880268 9.352498 -0.176267 5.717401 -3.776955 -0.254110 -8.163635 -0.605090 5.221302 3.275844 9.288156
7.909399 -9.801328 3.295603 -6.913391 1.870934 4.621398 9.465412 -9.506805 -8.667251 -7.576272 -3.542494 -5.406121 -3.497440 -4.439159 0.180034 1.759766 7.539264 -1.036002 -3.702055 -3.348930 2.570733 3.242726 7.569356 2.586339 -7.844356 -0.330427 3.451095 4.724451 -8.766904 -5.050771 -1.487405 -0.483267 -2.931675 -0.994737 1.193802 0.006671 -7.089808 -9.828269 -9.708012 -6.228937 -0.262476 -7.249534 -1.006966 -3.443214 4.891533 3.099895 -7.811730 2.361396 -8.939939 5.239716 1.356907 5.362773 -3.110673 4.305184 1.953615 -2.757606 -0.591132 -5.155844 -6.219541 -8.857990 1.886564 4.754596 -0.072097 0.445395 0.645718 -8.353198 -8.415358 -4.372591 1.933521 3.017856 -5.809868 3.125808 -3.597994 -0.726283 -5.677533 -1.393939 -4.469495 -2.084227 4.955106 2.585370 1.410712 -5.572316 -3.766380 -2.967955 -7.583249 -8.030592 4.063506 -6.371170 9.065186 -7.408446 7.070019 -8.758493 0.480232 -4.512885 2.485868 -1.879782 7.229839 -7.283418 -1.388637 -4.112713
